100.0016523,99.9803418,99.9973902
99.9973902,100.0059144,99.988866
100.0187007,100.0059144,100.0016523
99.9760797,100.0059144,99.9846039
99.988866,99.9760797,100.0059144
99.9718176,99.988866,99.9931281
99.8737893,100.0229628,99.9973902
99.9973902,99.9973902,100.0059144
99.9973902,100.0059144,100.0016523
99.8865756,100.0144386,100.0059144
99.9675555,100.0059144,99.9973902
100.0016523,99.9931281,99.9973902
99.9973902,99.9973902,99.9846039
99.9846039,100.0016523,100.0016523
99.9803418,100.0144386,99.9973902
99.9973902,99.9931281,100.0059144
99.9973902,100.0101765,99.9931281
99.988866,100.0101765,100.0101765
99.9973902,100.0144386,99.9931281
100.0016523,100.0016523,100.0144386
99.9973902,99.9760797,99.9632934
99.9931281,99.9973902,100.0016523
99.9931281,99.9846039,100.0144386
99.988866,100.0016523,99.988866
99.9803418,99.9973902,100.0101765
99.9803418,99.9931281,100.0101765
99.9931281,99.988866,99.9931281
100.0016523,99.988866,99.9973902
99.9973902,99.9718176,100.0101765
100.0016523,99.9675555,99.9931281
99.9846039,99.9846039,100.0144386
99.9803418,99.9931281,100.0059144
99.9718176,99.988866,100.0229628
100.0059144,99.9718176,99.9846039
99.9718176,99.9846039,100.0101765
99.9846039,99.988866,99.9973902
99.9931281,100.0016523,100.0187007
99.9973902,99.9973902,100.0187007
99.9931281,100.0059144,100.0059144
99.9505071,99.9973902,99.9931281
99.9505071,100.0016523,100.0101765
99.9547692,99.9931281,100.0144386
99.9547692,100.0059144,100.0144386
99.9590313,99.9760797,100.0016523
99.9590313,99.988866,100.0016523
99.9632934,99.9973902,100.0016523
99.9632934,99.9632934,100.0144386
99.9590313,99.9803418,100.0101765
99.9334587,99.988866,99.9973902
99.9590313,99.988866,100.0016523
99.9547692,100.0101765,100.0101765
99.9547692,99.9931281,100.0144386
99.946245,99.9803418,100.0059144
99.9505071,99.9973902,99.9973902
99.946245,99.9973902,100.0016523
99.9505071,99.9931281,100.0144386
99.9760797,99.9931281,100.0101765
99.9590313,99.9803418,99.9846039
99.9547692,99.9931281,100.0400112
99.9675555,99.9760797,100.0400112
99.9760797,100.0187007,100.0187007
99.9973902,100.1678742,100.1465637
100.0187007,99.6308496,100.0698459
99.9803418,99.6649464,100.074108
99.9590313,99.9505071,100.0016523
99.9760797,99.946245,99.9419829
99.9760797,99.9547692,99.9249345
99.9803418,99.9590313,99.9078861
99.9675555,99.9505071,99.8908377
99.9803418,99.9334587,100.0229628
99.9973902,99.9291966,100.0144386
99.9803418,99.9291966,100.0059144
99.9846039,99.9291966,100.0144386
100.0016523,99.9377208,100.0272249
100.0144386,99.9291966,100.0101765
99.988866,99.9590313,100.0059144
99.988866,99.9675555,100.0229628
100.0059144,99.9846039,99.9973902
100.031487,99.9675555,100.0059144
100.0059144,99.9931281,100.0229628
99.9931281,99.9846039,99.988866
100.0059144,99.9931281,100.0059144
100.0229628,99.9931281,100.0101765
100.0101765,99.988866,100.0059144
100.0016523,99.9973902,99.9718176
100.0570596,100.0059144,100.0187007
100.0272249,99.9846039,99.988866
100.0400112,99.9973902,100.0229628
100.0229628,100.0059144,99.988866
100.0400112,99.988866,100.0101765
100.0485354,99.9718176,99.9846039
100.0698459,99.9846039,99.988866
100.0613217,99.9078861,100.0016523
100.0357491,99.8865756,100.0016523
100.0868943,99.8524788,100.0101765
100.0272249,99.9846039,99.9846039
100.0400112,99.9931281,100.0059144
100.0442733,100.0016523,99.9931281
100.031487,100.0059144,99.9760797
100.0485354,100.0059144,99.9590313
100.0655838,99.9973902,99.9846039
100.0400112,100.0059144,99.9718176
99.9973902,99.9419829,99.9718176
100.0059144,99.9632934,99.9718176
99.9973902,99.9973902,99.9931281
100.0016523,99.9931281,99.988866
100.0016523,100.0059144,100.0101765
100.0059144,99.9973902,99.9846039
100.0059144,99.9973902,99.9846039
99.9973902,100.0016523,100.0101765
99.988866,100.0101765,99.9973902
99.9973902,100.0059144,99.9803418
100.1124669,100.0613217,100.0357491
100.1124669,100.0613217,100.0187007
100.1209911,100.0400112,100.0187007
100.1124669,100.0144386,100.0144386
100.1252532,100.0272249,100.0016523
100.1465637,100.0059144,100.031487
100.1252532,99.9803418,99.9846039
100.1337774,100.0144386,100.0101765
100.1636121,100.0101765,99.9973902
100.15935,99.9760797,100.0059144
100.1209911,99.9206724,99.9846039
100.0954185,100.0996806,99.9846039
100.0954185,100.1252532,99.9803418
100.0698459,100.1550879,99.988866
100.0826322,100.3042614,100.0527975
100.0698459,100.2701646,100.1039427
100.074108,100.2104952,100.116729
100.0613217,100.1423016,100.0783701
100.0485354,99.9931281,99.9675555
100.074108,99.9973902,99.8695272
100.0527975,100.0016523,99.7629747
100.031487,99.9590313,99.9931281
100.0101765,99.9291966,99.9803418
99.7842852,99.8141199,99.9846039
99.988866,99.9164103,100.0187007
99.9505071,99.8950998,100.0272249
99.818382,99.8695272,99.9846039
99.8908377,99.9291966,99.9718176
100.0996806,100.0698459,100.0059144
100.1039427,99.9803418,100.0059144
99.946245,100.0144386,99.9632934
100.0485354,99.9931281,100.0272249
100.0911564,100.0059144,100.0059144
99.9206724,100.0101765,99.9547692
100.0911564,100.031487,100.0016523
99.8908377,100.0187007,99.9632934
100.074108,100.0187007,100.0144386
100.0911564,99.9973902,100.0229628
100.0698459,99.9760797,100.0101765
101.8471416,98.7485949,100.0442733
101.7150165,99.8737893,100.0783701
101.4166695,99.9291966,100.0527975
101.139633,100.031487,100.0229628
100.9478385,100.1209911,100.0485354
100.9648869,100.2275436,99.9377208
100.8881691,100.2318057,100.0101765
100.8199755,100.372455,100.0016523
100.4108139,100.3681929,100.031487
100.3937655,100.1636121,100.074108
100.3468824,100.0655838,100.0613217
100.3383582,100.0059144,100.0570596
100.4193381,100.0911564,100.031487
100.4193381,99.9632934,100.0485354
100.2147573,99.8950998,100.0272249
100.2147573,99.8396925,99.9846039
100.1934468,99.8993619,100.2147573
100.1465637,99.8652651,99.9718176
100.1977089,99.988866,99.9632934
100.0911564,99.9760797,100.0016523
99.988866,100.1124669,100.0229628
100.0996806,100.1124669,100.0059144
100.0442733,100.0527975,100.0187007
99.9632934,100.0783701,100.0059144
99.9419829,100.0442733,100.0144386
100.0996806,100.0357491,99.9846039
100.074108,100.0357491,99.9718176
100.0783701,100.0059144,99.988866
100.0400112,99.9803418,100.0016523
100.0570596,99.9931281,99.9803418
100.0442733,99.9675555,99.9973902
100.0187007,99.9803418,100.0187007
100.0272249,99.9249345,99.9973902
99.9973902,99.8908377,100.0059144
100.0059144,99.8823135,99.988866
100.0144386,99.8780514,99.988866
100.0059144,99.861003,100.0016523
100.0059144,99.861003,100.0016523
100.0187007,99.8567409,99.988866
100.0101765,99.8226441,99.9973902
100.0101765,99.9973902,99.9931281
99.9803418,99.9931281,99.9973902
100.0826322,100.0016523,99.9931281
100.074108,99.988866,100.0059144
100.0655838,100.0016523,99.9931281
100.0826322,100.0016523,99.9931281
100.074108,99.988866,100.0059144
100.0826322,99.9973902,100.0101765
100.0570596,99.9803418,100.0101765
100.0954185,99.9632934,100.0144386
100.0783701,99.9632934,99.9760797
100.0868943,99.9803418,99.988866
100.0613217,99.9718176,100.0016523
100.0613217,99.988866,100.0059144
100.0570596,99.9505071,100.0059144
100.0527975,99.9547692,100.0059144
100.0783701,99.9632934,99.9803418
100.0698459,99.9632934,100.0016523
100.0613217,99.9675555,100.0016523
100.0570596,99.9803418,99.9973902
99.9419829,99.9846039,100.0059144
100.0527975,99.9931281,100.0229628
99.9718176,99.9803418,100.0101765
99.9760797,99.9675555,99.9931281
100.0868943,99.9760797,100.0272249
99.9931281,99.9760797,99.9931281
99.9931281,99.9931281,100.0187007
100.0826322,99.9931281,100.0101765
99.9931281,99.9760797,100.0187007
99.9973902,99.9846039,99.9973902
100.0059144,99.9760797,100.0101765
100.031487,99.9846039,100.0144386
100.0954185,99.9931281,100.0101765
100.0868943,100.0229628,100.0144386
99.988866,99.988866,99.9931281
100.0826322,100.0016523,100.031487
99.9675555,99.9846039,100.0016523
100.0655838,100.0144386,100.0059144
100.0698459,100.0144386,100.0016523
100.0527975,100.0187007,99.9846039
100.0272249,100.0101765,99.9931281
99.9419829,99.988866,100.0059144
99.9377208,99.9846039,100.0059144
99.9419829,99.9846039,100.0101765
100.0527975,100.0144386,99.9931281
99.9419829,100.0016523,100.0059144
99.9419829,99.9718176,99.9931281
99.946245,99.9973902,100.0229628
100.074108,99.9803418,99.9632934
100.0655838,100.0357491,100.1295153
100.0613217,100.0442733,100.0059144
100.0059144,100.0655838,100.0187007
100.0400112,99.9760797,99.9803418
99.9846039,99.9846039,100.0059144
99.9973902,99.9931281,100.0059144
99.9760797,100.0229628,99.9931281
99.9760797,99.9973902,100.0016523
100.0442733,100.0016523,100.0101765
99.9846039,99.988866,100.0059144
99.9803418,99.9973902,100.0144386
99.9718176,99.988866,100.0101765
99.946245,99.9760797,99.9931281
99.9547692,99.9803418,100.0101765
99.946245,99.9846039,100.0059144
100.031487,99.988866,100.0229628
99.9973902,99.9931281,100.0016523
99.9973902,99.9846039,100.0101765
99.9931281,99.9846039,100.0101765
99.9547692,99.9590313,99.9846039
99.9419829,99.9803418,100.0059144
99.946245,99.9718176,99.9973902
99.9334587,99.9760797,100.0059144
99.946245,99.9675555,100.0059144
99.946245,99.9803418,99.9846039
99.946245,99.9547692,100.0059144
99.9249345,99.9931281,100.0144386
99.9377208,99.9632934,100.0016523
99.9590313,99.9846039,99.9846039
99.9632934,99.9632934,100.0187007
99.9505071,99.9632934,100.0144386
99.9590313,99.9718176,99.988866
99.9632934,99.988866,100.0144386
99.9632934,99.9760797,99.9803418
99.9590313,99.9846039,100.0101765
99.9632934,99.9931281,99.9931281
99.9632934,99.9675555,100.0144386
99.9718176,100.0101765,100.0059144
99.946245,99.9973902,99.9973902
99.9547692,100.0101765,100.0144386
99.9505071,99.9803418,100.0059144
99.9377208,99.988866,100.0229628
99.7928094,100.0059144,100.0272249
99.861003,100.0655838,99.9803418
99.8652651,100.0485354,99.9931281
99.8780514,100.0016523,99.9931281
99.8737893,99.988866,99.9973902
99.8737893,99.9973902,100.0016523
99.9078861,100.0400112,99.9931281
99.9164103,100.0655838,100.0144386
99.9377208,100.0868943,100.0016523
99.9419829,100.1082048,100.0101765
100.116729,100.0655838,100.0101765
99.9803418,100.0783701,99.9718176
99.9206724,100.1252532,99.9931281
99.8950998,100.0144386,99.9973902
99.9334587,99.9803418,99.9803418
99.9547692,99.9973902,99.9803418
99.9547692,99.9718176,100.0059144
99.9675555,99.9419829,99.988866
99.9760797,100.0016523,100.0016523
99.2174259,99.0639903,99.9803418
98.0964936,99.8823135,100.0527975
98.0794452,99.9291966,100.0187007
98.4076269,100.0400112,100.0016523
99.0554661,100.1678742,99.9846039
99.1492323,100.2531162,99.9718176
99.2600469,100.3639308,99.9760797
99.4816761,100.3383582,99.9377208
99.4987245,100.5301527,99.9078861
99.5413455,100.1508258,99.8993619
99.5839665,100.0059144,99.9078861
99.6138012,100.0400112,99.9675555
99.6351117,99.9590313,100.0229628
99.520035,99.9803418,100.1039427
99.690519,99.7928094,100.1124669
99.7118295,99.9846039,99.9206724
99.7374021,99.9760797,99.8055957
99.7374021,99.9632934,99.6734706
99.7672368,100.2190194,100.074108
99.8013336,100.1763984,100.031487
99.8311683,100.1721363,100.0101765
99.9206724,100.1465637,99.9718176
100.0059144,100.1337774,99.9718176
99.8567409,100.1209911,99.9505071
99.8695272,100.1678742,100.0826322
99.8865756,100.1508258,100.0229628
99.8865756,100.1039427,100.0101765
99.8780514,100.0613217,100.0357491
99.8695272,100.0400112,100.0059144
99.8737893,99.9931281,100.031487
99.8269062,100.0442733,99.946245
99.8311683,100.0357491,99.818382
99.8269062,100.0016523,99.946245
99.8396925,100.0357491,99.988866
99.8354304,100.0059144,99.9675555
99.8439546,100.0229628,99.9973902
99.8396925,100.0059144,99.988866
99.8396925,100.0101765,99.9803418
99.8567409,100.0826322,99.9718176
99.8524788,100.0868943,99.9846039
99.8482167,100.0868943,100.0059144
99.861003,100.0911564,100.0144386
99.8354304,100.0527975,100.0272249
99.8354304,100.0613217,100.0272249
99.8311683,100.0485354,100.0229628
99.8396925,100.0485354,100.031487
99.8098578,100.0527975,100.0400112
99.7970715,100.0187007,100.0442733
99.9121482,99.9718176,100.074108
99.9121482,100.0272249,99.9675555
99.9249345,100.0144386,99.9760797
99.9206724,100.0187007,99.9675555
99.903624,100.0229628,99.9718176
99.9334587,100.0357491,99.9547692
99.9206724,100.0016523,99.9803418
99.9377208,99.9632934,99.9718176
99.9590313,99.9377208,99.9803418
99.9718176,99.9675555,99.9419829
99.9419829,99.9547692,99.9931281
99.946245,99.9803418,99.9803418
99.9632934,99.9760797,100.0059144
99.9846039,100.0016523,100.0101765
99.9760797,99.9632934,99.9973902
99.9718176,99.9760797,99.988866
99.9590313,99.988866,99.9846039
99.9590313,99.988866,99.9846039
100.0655838,99.9760797,100.0016523
99.9590313,99.988866,100.0016523
99.9505071,99.9973902,99.9718176
100.0613217,99.9803418,99.9760797
100.0698459,99.9718176,100.0016523
99.946245,100.0101765,99.988866
99.9632934,100.0016523,100.0272249
100.0613217,99.988866,99.9846039
99.9334587,99.988866,99.9803418
100.0442733,99.9931281,100.0016523
99.9547692,100.0187007,99.988866
100.0613217,99.9931281,99.988866
99.9632934,100.0101765,100.0059144
100.0613217,99.9846039,99.9846039
99.9334587,100.0016523,100.0101765
100.0698459,99.9931281,99.9931281
99.9590313,100.0229628,99.988866
100.0272249,100.0229628,100.0016523
100.0144386,100.0101765,99.9846039
99.9931281,99.9846039,99.9931281
100.0059144,100.0101765,99.988866
100.0272249,100.1039427,99.9846039
100.0698459,99.946245,99.9675555
100.0698459,99.9675555,99.9973902
100.0400112,99.9249345,99.9973902
100.0954185,99.9803418,99.9505071
100.0400112,100.0187007,99.8652651
100.0485354,99.9931281,99.988866
100.031487,99.9846039,100.0144386
100.0527975,99.9931281,99.988866
100.0442733,99.9931281,100.0144386
100.0442733,99.9846039,100.0059144
100.031487,99.9846039,99.9931281
100.0442733,99.9632934,100.0016523
100.0272249,99.9760797,99.9931281
100.0229628,99.9846039,100.0101765
100.0229628,99.9547692,99.9931281
99.9505071,99.9419829,99.9846039
99.9718176,99.9846039,99.9803418
99.9505071,100.0059144,99.9973902
99.9846039,100.0229628,100.0272249
100.0442733,100.1124669,100.0229628
99.9803418,100.0783701,99.9931281
100.0613217,100.031487,100.0655838
100.0655838,100.031487,100.0868943
100.0485354,100.0442733,100.0527975
100.0954185,100.0442733,100.0059144
100.1209911,100.0655838,99.9973902
100.1380395,100.0485354,99.9931281
100.116729,100.0570596,99.9803418
100.1423016,100.0655838,99.9675555
100.116729,100.0698459,99.946245
100.1295153,100.074108,99.9973902
100.116729,100.0698459,100.0613217
100.0272249,99.9760797,100.0826322
100.1423016,100.0059144,100.1082048
100.116729,100.0229628,100.1124669
100.1039427,100.0101765,100.116729
100.1252532,100.0187007,100.0996806
100.1252532,100.0144386,100.0996806
100.1209911,100.0144386,100.1039427
100.1295153,100.0272249,99.9973902
100.0868943,100.0442733,100.0059144
100.0996806,100.0400112,100.0059144
100.0954185,100.0570596,100.0059144
100.0826322,100.0570596,99.9931281
100.0996806,100.0954185,99.9718176
100.0826322,100.0954185,99.9377208
100.0783701,100.116729,99.8226441
100.0485354,100.1423016,99.7416642
99.8865756,99.9803418,99.9419829
100.0826322,99.9846039,100.031487
99.9931281,100.0059144,100.0144386
100.0016523,99.9760797,100.0016523
99.8567409,99.9547692,99.9718176
100.0101765,99.946245,100.0187007
99.9249345,99.9334587,100.0229628
99.9547692,99.9419829,100.0101765
99.9973902,99.9249345,100.0059144
99.9632934,99.8695272,99.9632934
100.0527975,99.9206724,100.0101765
100.0229628,99.8396925,99.988866
100.0016523,99.988866,99.9718176
101.9025489,99.0853008,99.8950998
101.8982868,99.8993619,100.0272249
101.8386174,99.9249345,100.0357491
101.7576375,100.0655838,100.0400112
101.3058549,100.1380395,100.0229628
101.1225846,100.2360678,99.9803418
100.9137417,100.2062331,99.9846039
100.5216285,100.4491728,99.9846039
100.4960559,100.6750641,100.0357491
100.4704833,100.1039427,100.0570596
100.4065518,100.0698459,100.0570596
100.3511445,99.9718176,100.0357491
100.500318,99.9973902,99.9846039
100.4363865,99.8396925,99.9249345
100.244592,99.647898,99.8950998
100.2999993,99.7416642,100.0272249
100.2701646,99.8652651,100.0783701
100.2616404,99.8652651,100.3042614
100.3127856,99.9291966,99.9803418
100.2104952,99.9931281,99.988866
100.1082048,100.0996806,100.0187007
100.0527975,100.0826322,99.9931281
100.1465637,100.0570596,100.0187007
100.15935,100.0059144,100.0357491
100.1550879,100.0485354,99.9590313
100.1465637,99.9973902,99.9419829
100.1380395,99.9846039,99.9590313
100.1465637,99.9760797,99.9505071
100.1295153,99.9760797,99.9505071
100.1252532,99.9547692,99.9377208
100.2062331,99.9505071,99.9505071
100.2104952,99.946245,99.9547692
100.2062331,99.9206724,99.9334587
100.1849226,99.903624,100.0357491
100.1977089,99.903624,100.0272249
100.2360678,99.903624,100.0272249
100.2190194,99.8908377,100.0357491
100.2488541,99.903624,100.0400112
100.244592,99.9078861,100.0357491
100.2318057,99.8950998,100.0485354
100.2275436,99.8780514,100.0613217
100.244592,99.8737893,100.0868943
100.2318057,99.8780514,100.0016523
100.2573783,99.9291966,99.988866
100.2573783,99.9419829,99.9973902
100.1849226,99.9206724,100.0229628
100.1550879,99.9249345,100.0059144
100.2360678,99.8908377,99.9973902
100.1891847,99.9206724,100.0272249
100.2104952,99.9377208,100.0101765
100.1977089,99.9164103,100.0144386
100.1806605,99.9121482,100.0187007
100.1806605,99.9334587,99.9846039
100.1423016,99.9377208,100.0229628
100.1337774,99.946245,100.0059144
100.1891847,99.9590313,100.0272249
100.1763984,99.946245,100.0059144
100.1763984,99.9419829,100.0187007
100.1508258,99.9547692,100.0357491
100.1508258,99.9632934,100.0101765
100.0527975,99.9675555,100.0229628
100.1508258,99.9590313,99.988866
100.0527975,99.9760797,100.0144386
100.0442733,99.9505071,100.031487
100.15935,99.9760797,99.9973902
100.0527975,99.9675555,100.0059144
99.9291966,99.9931281,100.0187007
100.0826322,100.0016523,100.0059144
100.0101765,99.9718176,100.0187007
100.0101765,99.9675555,100.0059144
100.0187007,99.988866,100.0101765
100.0016523,99.988866,100.0187007
100.0996806,100.0059144,100.0229628
100.1124669,100.0144386,100.0101765
99.9931281,99.9846039,99.9931281
100.0783701,100.0144386,99.9931281
99.9760797,99.9803418,100.0187007
100.0655838,100.0101765,100.0059144
100.0357491,100.0059144,99.9931281
100.0144386,99.9803418,100.0229628
100.0144386,99.988866,99.988866
99.9249345,99.9846039,100.0101765
99.9121482,99.9760797,100.0059144
99.9249345,100.0059144,100.0016523
100.0272249,99.9973902,99.9803418
99.9334587,99.988866,100.0059144
99.9291966,99.9760797,100.0059144
99.9505071,99.9846039,100.0059144
100.0357491,100.0187007,100.0613217
100.0442733,100.0357491,99.9931281
100.0187007,100.0187007,100.0059144
99.9334587,100.0059144,99.9973902
100.0101765,100.0187007,100.0229628
99.9931281,99.9931281,100.0059144
99.9931281,100.0059144,99.9973902
99.9590313,100.0101765,100.0101765
99.9632934,99.9846039,100.0016523
100.0016523,100.0016523,100.0101765
99.9334587,99.9846039,99.9931281
99.9206724,99.9803418,99.9973902
99.9164103,99.988866,100.0016523
99.9505071,99.9931281,99.9760797
99.9377208,99.9931281,100.0144386
99.9632934,99.988866,100.0101765
100.0272249,100.0059144,100.0272249
99.9760797,99.988866,100.0485354
99.9931281,99.9803418,100.0101765
99.9718176,99.9590313,99.9973902
99.9377208,99.9675555,100.0059144
99.9632934,99.9675555,100.0016523
99.988866,99.9760797,100.0059144
99.7672368,99.988866,100.0016523
99.647898,99.9973902,99.9760797
99.8226441,99.9973902,99.9973902
99.8482167,99.988866,99.9590313
99.861003,100.0400112,100.0059144
99.8695272,100.0272249,100.0272249
99.8780514,100.0059144,100.0059144
99.8993619,100.0144386,99.988866
99.9078861,100.0101765,100.0016523
99.9121482,100.0059144,100.0144386
99.8993619,100.0016523,100.0101765
99.9249345,100.0187007,99.9846039
99.9291966,99.9973902,99.9846039
99.9377208,100.0059144,99.9931281
99.9334587,100.0357491,99.9803418
99.9377208,100.031487,100.0101765
99.9419829,100.0485354,100.0059144
99.9547692,100.0101765,100.0016523
99.9291966,100.0059144,100.0144386
100.1295153,99.9675555,100.031487
100.0996806,99.9718176,100.0144386
99.9846039,99.9803418,99.9973902
99.8950998,100.1082048,99.9846039
99.8695272,100.1337774,99.9973902
99.8780514,100.1295153,99.9846039
99.903624,100.1636121,100.0101765
99.9334587,100.3085235,99.8865756
99.9078861,100.287213,99.9973902
99.9334587,100.2062331,99.988866
99.9334587,100.1636121,100.0485354
100.0485354,99.9632934,100.0101765
99.9334587,99.988866,99.9931281
99.9249345,99.946245,99.9632934
99.9291966,99.9547692,100.031487
99.9377208,99.9334587,99.9846039
99.946245,99.946245,100.0101765
99.9419829,99.9505071,99.9846039
99.9505071,99.9632934,99.9846039
99.9718176,99.9846039,99.9846039
98.0410863,99.1620186,99.9760797
98.0069895,99.988866,100.0442733
98.0410863,99.9547692,100.0016523
98.4374616,99.9164103,100.0400112
98.9531757,100.074108,100.0527975
99.051204,100.0400112,100.0655838
99.1577565,100.1636121,100.0485354
99.3964341,100.1891847,100.0996806
99.4305309,100.2829509,100.0272249
99.7075674,100.4406486,99.9206724
99.7416642,100.4236002,99.8524788
99.775761,100.5812979,99.6947811
99.8055957,100.0996806,100.0698459
99.6308496,100.0868943,100.1039427
99.7672368,100.074108,99.9931281
99.7544505,100.0272249,99.988866
99.6692085,99.9718176,100.0229628
99.6777327,99.8695272,100.0229628
99.6777327,100.1380395,100.0101765
99.6734706,100.1465637,100.0016523
99.6649464,100.1423016,99.9973902
99.6734706,100.2104952,99.9590313
99.6606843,100.1721363,99.988866
99.6777327,100.1508258,99.9590313
99.690519,100.1252532,99.9675555
99.7714989,100.116729,99.9718176
99.8439546,100.0954185,99.946245
99.7118295,100.074108,99.9675555
99.7587126,100.0485354,100.0016523
99.7629747,100.0527975,100.0144386
99.775761,100.031487,100.0485354
99.6521601,100.0400112,100.1295153
99.6649464,100.0272249,100.031487
99.6692085,100.0229628,99.9590313
99.6990432,100.0229628,99.9206724
99.6819948,99.9973902,99.946245
99.7160916,100.1763984,99.9377208
99.6990432,100.1337774,100.0187007
99.7075674,100.1209911,100.0272249
99.7203537,100.0996806,100.0527975
99.7288779,100.1082048,100.0783701
99.73314,100.1039427,99.9675555
99.7374021,100.0911564,99.9505071
99.73314,100.0954185,99.9718176
99.7459263,100.0868943,99.9973902
99.7459263,100.0783701,99.988866
99.7587126,100.0613217,99.9803418
99.7288779,100.0698459,99.9803418
99.7842852,100.1295153,100.0187007
99.7970715,100.0783701,99.9931281
99.8226441,100.0698459,100.0144386
99.8226441,100.0187007,100.0101765
99.8311683,99.9121482,100.0144386
99.8439546,99.9078861,100.0229628
99.8567409,99.8865756,100.0229628
99.8524788,99.8695272,100.0144386
99.8780514,99.861003,100.0229628
99.8737893,99.818382,100.0187007
99.8652651,99.7587126,100.0272249
99.8908377,99.73314,100.0527975
99.8908377,99.8354304,100.0059144
99.8993619,99.8098578,99.9590313
99.9078861,99.7800231,99.9846039
99.9078861,99.7374021,99.9718176
99.903624,99.9377208,99.9760797
99.9164103,99.9377208,99.9718176
100.031487,99.9505071,99.9419829
99.9249345,99.9505071,99.9078861
99.861003,99.946245,99.8993619
99.988866,99.9291966,100.0016523
99.9973902,99.9291966,99.988866
99.8950998,99.8908377,100.0272249
99.903624,99.9121482,100.0059144
100.0229628,99.8993619,100.0144386
99.9121482,99.9121482,100.0144386
100.074108,99.8780514,100.0144386
99.9291966,99.9249345,100.0357491
100.1082048,99.9334587,99.9931281
99.9760797,99.9078861,100.0016523
100.1465637,99.8950998,99.9760797
100.0229628,99.8737893,99.9931281
100.1252532,99.9632934,99.9973902
99.9718176,99.9718176,99.9803418
99.9846039,99.9846039,99.9590313
99.9718176,100.0187007,99.9675555
100.0016523,100.0059144,99.9760797
100.0144386,100.0144386,99.9675555
99.988866,100.1082048,99.9718176
100.3042614,100.0016523,99.9718176
100.0357491,99.9164103,99.9547692
99.9718176,100.0016523,99.9590313
100.074108,100.0229628,99.9632934
100.0357491,100.0101765,99.988866
100.074108,100.0016523,99.9675555
100.0613217,99.9931281,99.9803418
100.0655838,99.9973902,99.9505071
100.0442733,99.9718176,99.9760797
100.0059144,99.9718176,99.9931281
100.0357491,99.9846039,99.9590313
100.1337774,100.0101765,99.9760797
100.116729,99.9973902,99.9547692
100.116729,100.0016523,99.9718176
100.1209911,99.988866,99.9760797
100.0229628,99.946245,100.0442733
100.0400112,99.9632934,99.9675555
100.0357491,99.9760797,99.8908377
100.0400112,99.9973902,100.0059144
100.0996806,100.0272249,100.0655838
100.0101765,99.9973902,100.0485354
100.1678742,100.0272249,100.0144386
100.1636121,100.0357491,99.988866
100.1550879,100.031487,99.9718176
100.1423016,100.031487,100.0059144
100.15935,100.0229628,100.0059144
100.1465637,99.9973902,100.0059144
100.1337774,100.0016523,100.0101765
100.1124669,99.988866,99.9973902
100.116729,100.0016523,100.0059144
100.116729,99.9590313,100.0144386
100.116729,99.988866,100.0101765
100.0059144,100.0229628,99.9760797
100.0826322,100.0485354,100.0144386
100.1039427,100.0698459,100.0016523
100.1082048,100.0783701,100.0187007
100.1295153,100.0954185,100.0144386
100.1039427,100.0996806,99.9973902
100.1039427,100.1295153,100.0144386
100.0954185,100.1465637,100.0016523
100.1039427,100.1763984,99.9931281
100.1209911,100.2616404,100.0144386
100.1039427,100.1934468,100.0272249
100.1252532,100.116729,100.0144386
100.0868943,100.074108,100.0144386
100.0868943,100.0613217,100.0485354
100.074108,100.0016523,100.0442733
100.0783701,99.9377208,100.0400112
99.903624,99.861003,100.0016523
100.074108,99.9547692,99.988866
100.0655838,99.9291966,99.9760797
100.0655838,99.9249345,99.9803418
99.946245,99.9249345,99.946245
100.074108,100.0016523,99.9206724
100.0698459,100.0101765,99.9931281
100.0698459,100.0400112,100.0016523
100.0442733,100.0783701,100.031487
99.9249345,100.0613217,99.9760797
100.0442733,100.1124669,100.0144386
99.8950998,100.0826322,99.9931281
99.9206724,100.0783701,99.9846039
101.9238594,99.349551,100.1124669
101.6979681,100.0101765,100.0826322
101.4763389,99.9931281,100.0527975
101.2717581,100.0357491,99.9846039
101.0671773,100.0187007,99.9718176
101.0075079,100.0527975,99.9547692
100.7262093,100.3042614,100.0357491
100.8029271,100.415076,100.0059144
100.8583344,100.58556,100.031487
100.8370239,100.3127856,100.0570596
100.415076,100.1295153,100.0826322
100.2957372,100.1082048,100.1039427
100.3852413,100.1678742,100.0868943
100.3767171,100.074108,100.0783701
100.2573783,100.0144386,100.0613217
100.2318057,99.9973902,100.0357491
100.2701646,99.9803418,99.9846039
100.1934468,99.8439546,99.8780514
100.3255719,100.1550879,99.818382
100.2360678,100.0059144,100.1806605
100.2360678,100.0101765,100.2786888
100.3213098,100.0016523,99.9505071
100.201971,100.1082048,100.0570596
100.1550879,100.1465637,100.0570596
100.0911564,100.1124669,100.0442733
100.2232815,100.15935,99.8311683
100.2104952,100.0698459,99.9718176
100.2190194,100.0783701,100.0229628
100.2786888,100.0400112,100.0101765
100.2403299,100.0144386,100.0016523
100.2701646,99.9803418,100.0187007
100.2659025,99.946245,100.0016523
100.2616404,99.9419829,99.9718176
100.2360678,99.9249345,100.0187007
100.244592,99.8993619,100.0101765
100.2147573,99.8780514,100.0101765
100.2232815,99.8993619,100.0229628
100.2190194,99.8780514,100.0101765
100.1934468,99.8780514,100.0059144
100.2275436,99.8695272,100.0272249
100.1849226,99.8737893,100.1806605
100.2190194,99.8780514,100.1806605
100.2104952,99.8482167,100.1295153
100.2104952,99.8524788,100.0996806
100.2190194,99.8865756,100.0101765
100.2318057,99.8524788,99.9803418
100.2318057,99.9377208,99.9803418
100.2275436,99.9206724,99.9803418
100.2488541,99.9206724,99.9675555
100.2531162,99.9291966,99.9590313
100.2701646,99.9164103,99.9547692
100.2701646,99.9121482,100.0613217
100.2914751,99.8993619,100.0400112
100.2914751,99.903624,100.0698459
100.3213098,99.8993619,100.0229628
100.1934468,99.8993619,100.0187007
100.031487,99.8737893,100.0272249
100.1721363,99.903624,100.0272249
100.1636121,99.8950998,100.0272249
100.2104952,99.8993619,100.0229628
100.1124669,99.8950998,100.0187007
100.1678742,99.8737893,100.031487
100.0826322,99.8780514,100.031487
100.0826322,99.8950998,100.0229628
100.1891847,99.9164103,100.0272249
100.0996806,99.9078861,100.0187007
100.0954185,99.9249345,100.0144386
100.1636121,99.9377208,100.0229628
100.0826322,99.9249345,100.0357491
100.0527975,99.9377208,100.031487
100.0826322,99.9377208,100.0144386
100.074108,99.9078861,99.9718176
100.1423016,99.8950998,99.9973902
100.1423016,99.903624,100.0101765
100.0485354,99.8780514,100.031487
100.15935,99.9164103,100.0613217
100.0442733,99.9249345,100.0911564
100.1082048,99.9291966,100.031487
100.116729,99.9291966,100.0144386
100.0911564,99.9249345,100.0272249
100.0698459,99.9206724,100.0144386
100.0016523,99.903624,100.0400112
99.9846039,99.8950998,100.031487
99.9803418,99.9206724,100.031487
100.074108,99.9590313,100.031487
99.9590313,99.9164103,100.0357491
99.9675555,99.9377208,100.0272249
99.9206724,99.946245,100.0016523
100.0442733,100.0144386,100.0101765
100.0101765,100.0187007,100.0101765
99.988866,100.0400112,100.0272249
100.0016523,100.0101765,100.0016523
100.031487,100.0272249,100.0016523
99.9291966,100.0016523,99.9973902
99.9931281,100.0016523,100.0101765
99.9632934,100.0187007,100.0101765
99.9419829,100.0016523,99.9973902
100.0229628,100.0059144,100.0272249
99.9590313,99.9803418,99.9931281
99.9675555,99.9931281,100.0059144
99.9505071,99.988866,99.9973902
99.9590313,99.988866,100.0059144
99.9547692,99.9931281,100.0016523
99.9632934,99.9846039,99.9931281
99.988866,99.9846039,100.0016523
99.9973902,99.9803418,100.0059144
99.9931281,99.9547692,100.0187007
99.9846039,99.9718176,100.0016523
99.9675555,99.988866,99.9931281
99.9931281,99.9590313,99.9931281
99.9846039,99.9760797,99.9846039
99.9334587,99.9718176,99.9931281
99.9632934,99.9675555,99.988866
99.9718176,99.9632934,99.9973902
99.9291966,99.9803418,100.0144386
99.9164103,99.9547692,100.0016523
99.9164103,99.988866,100.0059144
99.9249345,99.9632934,100.0016523
99.9249345,99.9803418,100.0016523
99.9291966,99.9632934,100.0101765
99.9249345,99.9547692,100.0144386
99.9078861,99.9718176,100.0101765
99.7970715,100.0144386,99.988866
99.6606843,100.0059144,100.0059144
99.5328213,100.0229628,100.0016523
99.8141199,100.0187007,99.9931281
99.8567409,100.0187007,100.0187007
99.8567409,100.0016523,99.9973902
99.8823135,100.031487,100.0059144
99.903624,100.0442733,99.9973902
100.0655838,100.0059144,100.0059144
100.0527975,100.0229628,100.0101765
99.9206724,100.1295153,99.988866
99.9632934,100.1209911,100.0016523
99.9760797,100.1380395,99.9760797
100.0016523,100.1380395,99.988866
100.0101765,100.1508258,99.9803418
100.0442733,100.1806605,99.988866
99.8226441,100.2999993,99.8993619
99.9206724,100.2616404,99.903624
99.946245,100.2062331,99.861003
100.0570596,100.0272249,99.9419829
99.9334587,100.0229628,100.0016523
99.9291966,100.0272249,100.0016523
99.9206724,100.0229628,100.0016523
99.9377208,100.0059144,100.0187007
99.9206724,100.0101765,100.0911564
99.9377208,100.0101765,100.0954185
99.9547692,100.0059144,100.1678742
99.9590313,99.9931281,99.9931281
98.0410863,99.2813574,99.8652651
98.0410863,99.008583,99.9419829
98.0368242,99.9291966,99.9760797
98.6846634,99.8950998,99.9931281
98.7613812,100.1636121,100.0187007
99.1066113,100.0996806,100.0400112
99.1705428,100.0954185,100.074108
99.4220067,100.2275436,100.0442733
99.434793,100.2957372,100.0485354
99.4688898,100.4108139,99.9334587
99.4561035,100.4193381,99.8950998
99.818382,100.4747454,99.6777327
99.8354304,100.0272249,100.0570596
99.7416642,100.031487,100.0996806
99.8226441,99.8823135,100.1039427
99.8055957,100.0485354,100.0868943
99.690519,99.9760797,100.0059144
99.6734706,100.0911564,99.988866
99.6564222,100.116729,99.9973902
99.6692085,100.1295153,100.0101765
99.6436359,100.2829509,100.0187007
99.6265875,100.287213,99.9846039
99.647898,100.2403299,99.9931281
99.6393738,100.2104952,99.9803418
99.6308496,100.2062331,99.9718176
99.6521601,100.1849226,99.9803418
99.6564222,100.1891847,99.9505071
99.7033053,100.1508258,99.9419829
99.7544505,100.1295153,99.9377208
99.690519,100.1124669,99.9590313
99.6862569,100.0783701,99.946245
99.6947811,100.0655838,100.0059144
99.7288779,100.0868943,100.0570596
99.7501884,100.0698459,100.0911564
99.7459263,100.0826322,100.1209911
99.7544505,100.074108,100.0442733
99.6138012,100.0570596,99.9973902
99.6095391,100.0655838,100.0059144
99.6351117,100.0570596,99.9377208
99.6393738,100.0570596,99.946245
99.6223254,100.1508258,99.9419829
99.6265875,100.1082048,99.9505071
99.6351117,100.0996806,99.946245
99.6521601,100.1252532,99.9632934
99.6521601,100.1252532,99.988866
99.6521601,100.116729,99.9803418
99.6351117,100.1295153,99.9803418
99.7459263,100.287213,99.9803418
99.7544505,100.2999993,99.9718176
99.7374021,100.0613217,100.0016523
99.7459263,99.946245,100.0101765
99.7374021,99.8567409,100.0229628
99.7288779,99.8269062,100.0101765
99.7288779,99.7928094,100.0400112
99.7203537,99.8013336,100.0187007
99.7246158,99.7928094,100.031487
99.7246158,100.0059144,100.0016523
99.73314,100.0059144,100.0400112
99.8652651,99.9931281,99.9505071
99.8652651,99.9846039,99.9760797
99.8737893,99.946245,100.0229628
99.8780514,99.946245,100.0059144
99.8908377,99.9121482,100.0229628
99.8993619,99.9291966,100.0613217
99.8993619,99.8865756,100.0826322
99.8865756,99.8823135,99.9632934
100.0144386,99.861003,99.9718176
99.8865756,99.861003,99.9675555
99.7842852,99.8396925,99.9675555
99.9164103,99.8226441,99.9377208
99.9078861,99.7885473,99.946245
99.7928094,99.8055957,99.9505071
99.8013336,99.8055957,99.9249345
99.9505071,99.7885473,100.0187007
99.9078861,99.7885473,100.0144386
100.031487,99.7842852,100.0187007
99.9377208,99.8993619,100.0357491
100.0911564,99.8865756,100.0229628
99.9675555,99.9334587,99.9973902
100.1380395,99.9078861,99.946245
99.9803418,99.9377208,99.988866
100.1678742,99.9632934,99.9931281
100.0229628,100.0187007,99.9760797
100.0272249,100.0187007,99.9803418
100.0485354,99.9973902,100.0016523
100.0613217,100.0016523,100.0101765
100.1124669,99.988866,100.0101765
100.0954185,100.1082048,99.988866
100.372455,99.7842852,100.0144386
100.0783701,99.8567409,99.9931281
100.0357491,99.8780514,99.9931281
100.0570596,99.8823135,99.9846039
99.9931281,99.9377208,99.9931281
100.0400112,99.9547692,99.9760797
100.0400112,99.9846039,99.9846039
100.0442733,100.0016523,99.9675555
100.0442733,100.0527975,99.9718176
100.0570596,100.0400112,99.9675555
100.0655838,100.0229628,99.988866
100.0485354,99.9973902,99.9803418
100.074108,100.0016523,99.9718176
100.1423016,100.0101765,99.9632934
100.1252532,100.031487,99.9718176
100.0655838,100.0357491,99.9505071
