0,0,0
0,0,0
0,0,0
1,-6.03049689326342e-16,-7.40729655677285e-14
6.03049689326342e-16,1,-1.16452042332818e-14
7.40729655677285e-14,1.16452042332818e-14,1
0.999982297885048,-0.00466946510004113,0.00368781943943873
0.00526958412863121,0.982828267706365,-0.184447357477456
-0.00276322269274163,0.184463525643919,0.982835475706573
0.999979177719521,-0.00444140726831716,0.00468166945312656
0.00523186273514315,0.982677324060012,-0.185250922779279
-0.00377779561543756,0.185271559284555,0.982680099310329
0.999976987890771,-0.00426131915150484,0.0052787165097865
0.0051689813534185,0.982531023950269,-0.186027064178857
-0.00439378204622013,0.186050068890946,0.982530440518259
0.999974951624522,-0.00419839584282555,0.00569820988390822
0.00518771204238518,0.982433957096661,-0.18653848821935
-0.00481495247114818,0.186563376405291,0.982431128790695
0.999973260725858,-0.00416026859061733,0.00601414986085808
0.00521210813362485,0.982327885158357,-0.187095590458766
-0.00512949920541353,0.187121934057888,0.982323302193497
0.999969741201507,-0.00407476083773523,0.00662668887962504
0.00524764176107704,0.982167490263194,-0.187934784768669
-0.00574272908463277,0.187963872577189,0.982159153940158
0.999965388314912,-0.00400474602411185,0.00729274855516365
0.00531052708194281,0.981977406918561,-0.188923716360891
-0.00640472281355197,0.188955905731418,0.981964686338007
0.999960308703537,-0.00392909866094857,0.00799644928952305
0.00537726198327337,0.98176255737849,-0.190035170384878
-0.0071039475709372,0.190070626645358,0.981744717742627
0.999953871390984,-0.00380625702725944,0.008818588187865
0.00542042822504687,0.981582276103691,-0.190962965511523
-0.00792931573604111,0.191001957179868,0.981557628621681
0.999947520286574,-0.00357989137755862,0.00959901299383737
0.00536937386528129,0.981096597579407,-0.193444141918035
-0.00872504997268276,0.193485530714405,0.981064331686327
0.999940869192371,-0.00341457049662463,0.0103246708000806
0.00538739685739228,0.980273590955071,-0.197571918123887
-0.00944637887803662,0.197615858635826,0.980234022232303
0.999933846092615,-0.00306493422231289,0.0110864609611165
0.00525245434596373,0.979155125796591,-0.203045934087845
-0.0102330426449337,0.203090732935983,0.97910644928616
0.999937205984899,-0.00293088665120326,0.0108163760359532
0.00510471685896919,0.978368295400574,-0.20680768946237
-0.00997626948829575,0.206849917714299,0.978321821073559
0.999937531296191,-0.00283598945733526,0.0108115988214556
0.00505488890460531,0.977447105668454,-0.211119879969948
-0.00996903222185161,0.211161343015621,0.977400381426362
0.999937676941509,-0.0031638234269733,0.0107066546661891
0.0053939741702624,0.976556905885777,-0.215191808880934
-0.00977482866697085,0.215236148887961,0.976513109454456
0.999950894484226,-0.00339286622171561,0.00931112662347957
0.00534202699938247,0.975915208848693,-0.218084772245453
-0.00834693762614755,0.218123803370046,0.975885410811972
0.999958488054553,-0.00358757034783926,0.00837564962568189
0.00535333621668278,0.975160579419345,-0.221434383368706
-0.00737319191422773,0.221470028865143,0.975139304076843
0.999965881967927,-0.0034659349744154,0.00749814609477347
0.00506581060871674,0.974292590087929,-0.225229408520802
-0.0065247576952754,0.225259708324651,0.974276906912255
0.999971326121206,-0.00332466440188563,0.00680393577364653
0.00478927101793163,0.973619068309125,-0.228129289456632
-0.00586598828108893,0.228155333997445,0.973607073592833
0.999971010422145,-0.0031174770379778,0.00694691674288725
0.004638086051498,0.972939355022567,-0.23101406798299
-0.00603874764283338,0.231039591380327,0.972925609048152
0.999981037812417,-0.00301641080669798,0.00536891808911055
0.00418384589930993,0.972496270875785,-0.2328808677547
-0.00451878845412907,0.232898914549932,0.972490450417057
0.99998427303783,-0.00256419650016125,0.00498784255070255
0.00365884059096806,0.972304551433183,-0.233688836164345
-0.00425047791806082,0.233703410669645,0.972298642022524
0.999983694759434,-0.00249879626950241,0.00513480598213658
0.00362832716558421,0.972371941472169,-0.233408745936445
-0.00440970035831783,0.233423570906728,0.97236515316413
0.999976805207545,-0.00276988970260738,0.00622227916021381
0.00413772906877188,0.972716707636878,-0.231959233233399
-0.00541001340716284,0.231979599092481,0.972705606727866
0.999970535057427,-0.00223874512944829,0.00734282215560246
0.00386377731436516,0.973317841711734,-0.229428529678585
-0.00663326780918968,0.229450140609802,0.973297812970066
0.999967805270019,-0.00188398207488769,0.00779993814100274
0.00360378780468232,0.973941951338925,-0.226768798858189
-0.00716945862117848,0.226789607419891,0.97391738501241
0.99995800861552,-0.0012226373895708,0.00908218935593025
0.00321980113345173,0.974748248768719,-0.223283417214481
-0.00857985351532136,0.223303284078243,0.974711254389487
0.999936763011505,-0.000521696818069211,0.0112337798849711
0.00299514609315932,0.97519787442843,-0.221314560773015
-0.010839699163473,0.221334212318615,0.975137768409851
0.999889083636781,0.000499000476801165,0.0148852753592931
0.00276027437407473,0.975915437150833,-0.218131704289127
-0.0146356178338208,0.21814859735791,0.975805814781506
0.999791880112148,0.00224625862713558,0.0202768534047241
0.00216838520314955,0.976589031421346,-0.21510267737322
-0.0202853288715617,0.215101878257018,0.97638091306768
0.999757398767351,0.00239610072645333,0.0218952577342226
0.00234073077412905,0.976878096764896,-0.213784248812765
-0.0219012462974688,0.213783635394068,0.976635496307765
0.999746578124646,0.00246208187476072,0.0223767218533993
0.00231316028543199,0.977504711446916,-0.21090089707864
-0.0223926063145031,0.210899211122098,0.977251295179761
0.999756657199066,0.0022351891431339,0.0219460774546032
0.00237934899218146,0.978123253963496,-0.208012592778022
-0.0219309161806439,0.20801419178834,0.977879916416183
0.999569188860703,0.00348771148862968,0.0291422811208861
0.00263095033138551,0.978269917118305,-0.207318709627711
-0.0292320847821441,0.207306066312391,0.977839291545074
0.999696616462386,0.00246466077509492,0.0245071516280838
0.00265137639196777,0.978431408989502,-0.206554951782926
-0.0244876547853464,0.206557264094203,0.978128034263936
0.99978431012816,-0.000133287982531002,0.0207681355897364
0.00436930464332644,0.978949292137469,-0.204056836691354
-0.0203037533105031,0.204103566009666,0.978738725065911
0.999878251453675,-0.00177076064936628,0.0155031182883993
0.00485977204362381,0.979464448365787,-0.201558371205932
-0.0148278415700147,0.201609173388085,0.979353805486121
0.999917115583168,-0.00272486188968271,0.0125832067264477
0.00517657318572144,0.979956097443385,-0.199146303439418
-0.0117883439842598,0.199194935204723,0.97988897980072
0.999975969458203,-0.00372474077019269,0.00584694897545557
0.00480116867932253,0.980490142606983,-0.196509615616769
-0.00500092845773751,0.196532965572528,0.980484464006354
0.999980038280192,-0.00311641478312414,-0.00549645340615991
0.00199692375397871,0.981192971060438,-0.193019081536288
0.00599460896701003,0.193004252545095,0.981179608003979
0.999997561362993,0.000770182283130898,0.0020698036905985
-0.000362406187072147,0.981741728889146,-0.190218417666394
-0.00217851550888116,0.190217203683058,0.981739613896259
0.999913862159993,0.00528237697758308,0.01201518846103
-0.00297836967150831,0.982874839152881,-0.18425031851885
-0.0127827060666827,0.184198661921482,0.982805909308623
0.999933149042174,0.00319163930781909,0.0111135451198134
-0.00119317918407571,0.984500454840309,-0.175377965385219
-0.0115010334333934,0.175352980749553,0.984438448239508
0.999940416828598,-0.000138895375107255,0.0109152874778549
0.001924514960626,0.986499966142067,-0.163750154332344
-0.0107451865882249,0.163761404212882,0.986441454651724
0.999952785222693,-0.00148197531163813,0.00960370108626245
0.00289285056534034,0.988891732897969,-0.148609461413663
-0.00927678505653729,0.148630226923153,0.988849329728137
0.999971194057735,-0.000759288961073175,0.00755212122655671
0.00173613635003992,0.991486660634035,-0.130196726592277
-0.00738897051835275,0.130206087665069,0.991459418155698
0.999973662597182,-0.000570111506905609,0.00723526674327505
0.00135014831811064,0.994120747700576,-0.108268721664051
-0.00713100354057907,0.108275638830341,0.994095334877086
0.999980133313703,-0.000253689762264312,0.00629830289949777
0.000791721644942605,0.996331833495571,-0.085570150988478
-0.00625349140450589,0.0855734374958639,0.996312240535263
0.999984981085438,0.000222928417135218,0.00547612148128996
0.000120981179159795,0.998031080576168,-0.0627211891430672
-0.00547932177475469,0.0627209096465202,0.998016064262496
0.99998919814298,0.0008177548941654,0.00457546437999679
-0.000638285359386695,0.999235521040472,-0.039089206729959
-0.00460393192386068,0.0390858640420108,0.999225249402221
0.99999184489163,0.00152986284428919,0.00373760216068161
-0.00147369299436527,0.99988663073046,-0.0149851231375116
-0.00376010361456,0.0149794928540886,0.999880731094785
0.999981664168402,0.00239193482314133,0.00556327015303173
-0.00244176432567967,0.999956810881774,0.00896739416610591
-0.00554158045792064,-0.00898081393607038,0.999944316383204
0.999907725522645,0.00331036970673537,0.0131750481037489
-0.00369058639464843,0.99957433883174,0.028939950261784
-0.0130736380627201,-0.0289859034962795,0.999494320837447
0.999794415319454,0.0037931751859122,0.0199183061036648
-0.00469242039759693,0.998962597834839,0.0452957980157269
-0.0197258279127272,-0.0453799509594082,0.9987750256009
0.999728424303685,0.00386066387251327,0.0229820128303437
-0.00519202361838388,0.99829402130246,0.0581557385174441
-0.0227182862473549,-0.0582592679856747,0.998042953566507
0.999716817204594,0.00417988980448358,0.0234267778309086
-0.00580245882130219,0.99755620707545,0.0696271871963066
-0.0230784936671237,-0.0697434028884797,0.997297969958624
0.999719881352576,0.00418255167835265,0.0232951731019317
-0.00600013710389575,0.996895316325233,0.078509404809539
-0.0228944793154487,-0.0786271870937242,0.996641163241115
0.999751807862602,0.00414237929897661,0.0218898005747712
-0.00604047456645264,0.99615761264508,0.0873700374056581
-0.021443771647541,-0.0874805776329664,0.995935396094812
0.999773023576445,0.00415255298995769,0.0208963545260513
-0.00610769162946849,0.995516731802075,0.0943882026795486
-0.0204107185510984,-0.0944944072725037,0.995316135487839
0.999801112701354,0.00403270638532244,0.0195313164006817
-0.00598991693082549,0.994846865630474,0.101211831523705
-0.0190225113035995,-0.101308692738732,0.994673158801057
0.999839056103347,0.00394648099315246,0.0175010622002758
-0.00581079430713223,0.994156709150003,0.107789945363921
-0.016973407433024,-0.107874292302696,0.994019637884637
0.999874985087538,0.0038995346945682,0.0153234403891934
-0.00563495863778294,0.993361509650475,0.114896294048501
-0.0147736737931287,-0.11496827725114,0.993259298365014
0.999917783647887,0.0032147273977842,0.0124133586291246
-0.00469022232662587,0.992674355627973,0.120729555176497
-0.011934310169597,-0.120777850644669,0.992607819349833
0.999965995575931,0.00149579289751652,0.00810988874427826
-0.00249026467104654,0.992274206495518,0.124039097487681
-0.00786169661745921,-0.124055075379035,0.992244189702816
0.999978938076372,-0.000848576875637602,0.00643454123760168
2.77392541173113e-05,0.991965597492483,0.126507915254003
-0.00649019523481724,-0.126505072264579,0.991944728327717
0.99997790590734,-0.000939910749414403,0.00658059761383174
7.22405062285517e-05,0.991431295667568,0.13062917266919
-0.00664699018212698,-0.130625811150442,0.991409458792283
0.999964393067929,-0.00118288198701648,0.00835544053259775
5.27936636343704e-05,0.990984614767361,0.133975708646061
-0.00843859046986317,-0.133970497067787,0.990949391294173
0.99993236584777,-0.00149506973293654,0.0115337980116954
-9.42389140214277e-05,0.990628970601183,0.1365805027252
-0.0116299118271815,-0.136572352151286,0.990561829356834
0.99992392290275,-0.00165614363351011,0.0122231581451063
-5.17490769955929e-05,0.990373431110749,0.138421328818776
-0.0123347366736434,-0.138411430663034,0.990298000671012
0.999905866392556,-0.00186531861452772,0.0135933417605154
-5.2500500668965e-05,0.990188448194831,0.139738449630767
-0.0137206267148882,-0.139726009203652,0.990095140253992
0.999873039948114,-0.00218688268903686,0.0157835841627412
-5.26764979345827e-05,0.990078326881429,0.140516560820622
-0.0159342778344206,-0.140499552254708,0.989952511288356
0.999823869921967,-0.000338174798477685,0.0187647214758776
-0.00233753940647334,0.98980827680093,0.142387187225171
-0.0186216283870335,-0.142405971834675,0.989633151294982
0.99977374411205,0.00387801958353994,0.020914625224549
-0.00685098837900776,0.989552380501555,0.144010937785766
-0.0201376399412732,-0.144121640317527,0.989355056716132
0.999731942956589,0.00686508175946026,0.0221113745542987
-0.0100106685863871,0.989313858451761,0.145457471412585
-0.0208765118422136,-0.145639830155508,0.989117389962171
0.999764469615248,0.00685311123921225,0.0205922354611103
-0.0097707887475619,0.989366502935999,0.14511531468264
-0.01937877659176,-0.14528233799927,0.989200437365084
0.999800084252688,0.00684809685811473,0.0187855023286582
-0.00949800789654571,0.989412425291615,0.144820028050548
-0.0175948678402339,-0.144969501095872,0.989279669445248
0.999832716445795,0.00691149195828474,0.016934296664861
-0.00928157433074184,0.98951290114301,0.144146005319217
-0.0157604410650804,-0.144279068996356,0.989411521434322
0.99986548334743,0.00698685761905858,0.0148391047917688
-0.00904618975731481,0.989595286277379,0.143594344695277
-0.0136814349132225,-0.143709266222476,0.9895253736719
0.99990252086739,0.0062034720143964,0.0125086249446594
-0.00793018225601001,0.989676528711782,0.143099548309501
-0.0114917784709774,-0.143184794765238,0.989629250565893
0.999941467381765,0.00192920642279917,0.0106461247869805
-0.00342961214763596,0.989749502587585,0.142773106319589
-0.0102615579186846,-0.142801261514757,0.989698186387585
0.999747285476352,-0.0015612081245528,0.0224260520791514
-0.00168988331073606,0.9895438492214,0.144222448885362
-0.0224167231561858,-0.144223899189027,0.989291138859361
0.999255321711262,-0.0017058747481902,0.038547269982014
-0.0038050480580328,0.989796088854907,0.14244024746119
-0.0383969222855016,-0.142480849516251,0.989052518261861
0.999145993988875,0.0002046004557304,0.0413187709719912
-0.00593941669259169,0.990313879625095,0.138719656686584
-0.0408901702776365,-0.138846598663941,0.989469360826358
0.999124814446562,0.00101478730162888,0.0418159702010467
-0.00649045764963996,0.991358380912257,0.131020740932599
-0.0413216543306364,-0.131177478256603,0.990497344813008
0.999177983901929,0.00108921104505737,0.0405236980663773
-0.0059372114937683,0.992791507073,0.119707029882957
-0.0401011970563704,-0.11984922654327,0.991981883348494
0.999288377496596,0.00117217464365253,0.0377009894674698
-0.00510435361040583,0.994525127633856,0.10437296622729
-0.0373722380175636,-0.10449113125748,0.993823384366705
0.999431481474313,0.00204310100864669,0.0336532253480707
-0.00492504664048093,0.996302116321958,0.0857778347125717
-0.0333535268547218,-0.0858948121288862,0.995745762479407
0.999592310736357,0.00272020100871055,0.0284220481883938
-0.00465558155220944,0.997657266228159,0.0682517743547235
-0.028169804350792,-0.0683562700023164,0.997263196189556
0.999758146333864,0.00315397429697293,0.0217646797635758
-0.00426075668591611,0.998689833055705,0.0509947379994396
-0.0215753283066653,-0.0510751387399203,0.99846173457532
0.999890995102961,0.0031161739574089,0.0144321644904197
-0.00359142617868588,0.999448169117102,0.0330220972452651
-0.0143212977768921,-0.0330703297283208,0.999350415881059
0.999918705963312,0.002355030017776,0.0125313725613138
-0.00253958451284426,0.999888254244704,0.0147319222771855
-0.0124952781144397,-0.0147625491394368,0.99981295009004
0.99993360434915,0.00148607788178925,0.0114270934995414
-0.00144922405637896,0.999993724579581,-0.00323273121225189
-0.0114318258800778,0.00321595615416502,0.999929483005208
0.999916193960431,0.000533679532318126,0.0129352325778358
-0.000321761163378865,0.999865793864966,-0.0163795826728071
-0.0129422380382861,0.0163740479093707,0.999782170790029
0.999828721191922,-0.000386727685376437,0.0185034786303495
0.000844639884893991,0.999693415356393,-0.0247459466688255
-0.0184882358052705,0.0247573369886357,0.999522515705394
0.999727062895101,-0.00112034322860651,0.023335478272043
0.00185458821610348,0.999503073388285,-0.0314669157993098
-0.0232886285058516,0.0315016050134319,0.999232349688447
0.999679398585282,-0.00167136015006683,0.0252647303452457
0.00260809346100041,0.999308549359339,-0.0370893654007744
-0.0251852713439403,0.0371433672757633,0.998992528688153
0.999667851440048,-0.00222569725421521,0.025675534443707
0.00325075965058786,0.999196339558001,-0.039951315067033
-0.0255659805001005,0.0400215102866422,0.998871693139537
0.99966673604709,-0.00267718834410356,0.0256758544848733
0.00376576009250304,0.999091813080405,-0.0424425268644036
-0.025538909371465,0.0425250714082894,0.998768933442484
0.999674240317599,-0.00316213679909543,0.025326155181843
0.00432630049903897,0.998930007172075,-0.0460448031290203
-0.0251534564110582,0.0461393721463787,0.99861827640421
0.999697128571897,-0.00354565342550193,0.0243532229261604
0.00473140136892868,0.998797077232015,-0.0488058639291378
-0.0241508792012038,0.0489063068997204,0.99851134604432
0.999715458796544,-0.00401133776547342,0.0235140513852137
0.00516330813536695,0.998778722438825,-0.0491365836477118
-0.0232882307682322,0.0492440125578797,0.998515240512074
0.999732253492488,-0.00440898380151828,0.0227152413297704
0.00551093518997954,0.998799239744017,-0.0486796495478981
-0.0224733379844563,0.0487917979645379,0.998556112359853
0.999756197433843,-0.0048532848356567,0.0215404577232238
0.00590834993697107,0.998771941590291,-0.0491904471720076
-0.0212752695316488,0.0493057229767881,0.998557113333079
0.999767147161866,-0.00475533178083899,0.0210484744216234
0.00577849670530944,0.998790918054412,-0.0488191661937432
-0.0207908737587028,0.0489294270524368,0.998585825423469
0.999767194412412,-0.00458836907094509,0.0210832598523719
0.00558971174655464,0.998846834479487,-0.0476839215344056
-0.0208401559333003,0.0477906697962868,0.998639945015769
0.999777832411239,-0.00424181683754668,0.0206468595433306
0.00519058327566023,0.998922531778239,-0.0461176034829708
-0.0204289907813321,0.046214526890046,0.998722621071529
0.999797455091257,-0.00355262488198591,0.019809786709947
0.00442403483563134,0.999016442375641,-0.044120015626602
-0.0196335607778828,0.0441987185285544,0.998829813617723
0.99980686523223,-0.00278516643656646,0.0194544360602304
0.0035959470421306,0.999120947908431,-0.0417660222600705
-0.0193210092741337,0.0418279129108678,0.998937998227192
0.999816498143799,-0.00400267125895266,0.018733623842247
0.00472539596745987,0.999239889784625,-0.0386951327192702
-0.0185645003277967,0.0387765558811503,0.999075441616686
0.999844239043116,-0.0057606245046113,0.0166827113386613
0.00634393215871184,0.999362770103885,-0.0351256068282917
-0.0164697351848136,0.0352259696191169,0.999243653413588
0.99987975205585,-0.00625695071371932,0.0141891506616418
0.00670010941881872,0.999484352621026,-0.0314028247058244
-0.0139853481368373,0.0314941174427061,0.999406088936823
0.999881285471385,-0.00707604290637497,0.0136873876571653
0.00747475298288329,0.999542675273721,-0.0293013374182339
-0.013473790555566,0.0294001687654928,0.999476906709017
0.999887862473546,-0.00810881699172473,0.0125900581840473
0.00845641343993571,0.999577581027635,-0.027805549422277
-0.0123592697929876,0.0279088981139803,0.999534062379191
0.999897065642888,-0.00839300215082218,0.0116368223170437
0.00869630559045764,0.99961723457537,-0.0262632558713925
-0.011411940580792,0.0263617498430046,0.999587327729496
0.999928184028092,-0.00863850652298985,0.00830680391816747
0.00883789620346033,0.999666281093783,-0.0242738137675536
-0.00809434228208086,0.0243454851908372,0.999670835312226
0.999963920902474,-0.00845866793333946,0.000779634622007205
0.00847272883519303,0.999758854273434,-0.0202594710680285
-0.000608078478180254,0.0202653457573388,0.999794451875934
0.999912577827509,-0.00826590686624883,-0.0103204402049273
0.00808955317916243,0.999822522565783,-0.0170141852451108
0.0104592462303209,0.0169292100782034,0.999801983401924
0.999820468695706,-0.00857950344979863,-0.0168944516825592
0.00830166572233605,0.999830266240178,-0.016447524322226
0.0170326957154182,0.0163043193863012,0.99972198957811
0.999752620471831,-0.00863475954558623,-0.0204972873155913
0.00833408580957919,0.999857079122411,-0.0147093284183513
0.0206213693392695,0.0145348634802758,0.999681697776939
0.999828733485138,-0.00671171155451917,-0.0172469309012812
0.00645460614341894,0.999867857309715,-0.0149199858717397
0.0173447904870013,0.0148061084316071,0.999739934881104
0.999961742562929,-0.00827063995238173,-0.00284779305594245
0.00824882045854304,0.999937170633177,-0.00759024025701497
0.00291039027522576,0.00756645894025442,0.999967138623841
0.999848640694311,-0.00893244548070183,0.0149300743291056
0.00890568720922172,0.999958617863924,0.00185776613210374
-0.014946050885429,-0.00172452236992637,0.999886814387271
0.999729534662969,-0.0104902263401291,0.020756027411253
0.0102371987346494,0.999872444190532,0.0122594906304426
-0.0208819846909032,-0.0120436912856266,0.999709403884742
0.999625929091477,-0.0119514028921615,0.0246001190426004
0.0113397206959022,0.99962672299427,0.0248560940269282
-0.0248880015778648,-0.0245678376062241,0.999388317288538
0.99956902133612,-0.0133931509676629,0.0261226930523949
0.012355510189456,0.999143706847478,0.0394866361575646
-0.0266291748484721,-0.0391468590596874,0.998878576440926
0.9995541993318,-0.0148512435848182,0.0259006401880055
0.0133589219944648,0.998292330372352,0.0568679375648951
-0.0267009700443623,-0.0564965811684512,0.998045687588983
0.999535208189815,-0.0161452698370221,0.0258591927722493
0.0141210681222851,0.996959350463338,0.0766332105474194
-0.0270178278924933,-0.0762324326360446,0.996723960377377
0.999525419992768,-0.0173231521407723,0.0254724005187784
0.0148332905900593,0.995378144160608,0.0948805755550329
-0.0269983014012412,-0.0944577076118784,0.995162716943394
0.999508358584628,-0.0185868765483405,0.0252501314776656
0.0156498218627772,0.99359527256119,0.111908522551762
-0.0271684411611339,-0.111458343627705,0.993397661282048
0.999497959392833,-0.019426051079583,0.0250291372007953
0.0160221211435498,0.991428126785764,0.129667116309929
-0.0273335106348273,-0.129200998283778,0.991241636150768
0.999492921344791,-0.0204770589096176,0.024384221128998
0.0166574255930039,0.988896987684614,0.147666102816149
-0.0271372503078216,-0.147185046138213,0.988736634215109
0.999485736205151,-0.0203570709445879,0.0247760526517842
0.0159846793220879,0.986099226646941,0.16538683512685
-0.0277984378952664,-0.164905745408893,0.985917512767534
0.999485490706034,-0.0199255752026937,0.0251341465134534
0.0151771059849891,0.984152682910775,0.176672443163735
-0.0282561377763903,-0.176200079944263,0.9839487397754
0.999496210745549,-0.0201451056374845,0.0245254851969085
0.015227924246431,0.982370235039374,0.186324533091672
-0.0278466340593284,-0.185857192563374,0.982182095613653
0.99952623866968,-0.0201341651176325,0.0232790379066331
0.0152273383941006,0.980788853244508,0.194477128518381
-0.0267474555102743,-0.194030514987564,0.98063078315816
0.999543148345902,-0.0214519242710034,0.0212910671370383
0.0167351924623117,0.979416329669901,0.201155627585182
-0.0251679941197569,-0.200707419197722,0.979327883781003
0.999579384579134,-0.0224246841739706,0.018389873955437
0.0181516678648816,0.978314370251885,0.20632864539947
-0.0226179326668512,-0.205908053505333,0.978309921560404
0.999587328200265,-0.0236231285852235,0.0163438397355415
0.0196956567743703,0.977783691512913,0.208689083843902
-0.0209106290120902,-0.208281061086281,0.977845460789736
0.999560615077642,-0.0251866823110759,0.0156271500846159
0.0213497692241054,0.977497938361591,0.209861782735489
-0.0205612290411739,-0.209435936584439,0.977606170360701
0.999531498160985,-0.0267679560428221,0.0148411830170653
0.0230613247292865,0.977464651398167,0.209835722813803
-0.0201236051886058,-0.209395157050851,0.977624011938057
0.999535273235394,-0.0275684344407944,0.0130084196091922
0.0242375677521328,0.977544414379834,0.209330977698594
-0.018487235263986,-0.20891840353897,0.97775831512446
0.999554672608043,-0.0277084835818118,0.0110768409316289
0.0248176289137486,0.978024397980712,0.207008121216453
-0.0165693018117122,-0.20664103390194,0.978276515789585
0.999551952797021,-0.0278995783062208,0.01084007333913
0.0251462904048695,0.979177946678298,0.201440345556063
-0.0162344614489251,-0.201077503140473,0.979440799636332
0.999524314370902,-0.0283956324813593,0.0120346598357654
0.0255262988549733,0.98069349521958,0.19387799385379
-0.0173076008778109,-0.19347856855473,0.980951828818249
0.999458042825118,-0.0292362094588891,0.0151282744773013
0.0258591389573458,0.981683239499865,0.188757310368198
-0.0203697217597414,-0.188263807837639,0.98190723242774
0.999361688518828,-0.030196056773373,0.0190896222104437
0.026123493844126,0.982193617968472,0.186046391771997
-0.0243675725129554,-0.185428948595797,0.982355499008624
0.999221940745999,-0.0312515138697587,0.0240594266899012
0.026322500496072,0.982711465925721,0.183262927799801
-0.0293707184017133,-0.182487034111931,0.982769476164985
0.999087980966024,-0.0318755065918772,0.0284105327078601
0.0262408161044822,0.983247347259707,0.180377586403966
-0.0336842078636851,-0.179467563047645,0.983187046270615
0.998855126171706,-0.0325346039192284,0.0350704500730173
0.0258147644343789,0.983796491923978,0.177420574949106
-0.0402744938851204,-0.176312115369003,0.983510042204148
0.998605052301661,-0.0327083299891423,0.0414501467659379
0.025003048574683,0.98435885933056,0.174391753301042
-0.0465058822039585,-0.173112105893149,0.983803538168912
0.998442041733665,-0.0317762800662945,0.045866734392787
0.023409147524495,0.984709477996283,0.172624609359337
-0.0506507760146524,-0.171281966270345,0.983919197352952
0.998331821233492,-0.0305259904577194,0.0490075363509996
0.0217356558934174,0.985065214591796,0.170804227887082
-0.0534895875428319,-0.169454084954581,0.984085452141583
0.998260853257106,-0.0289848588680763,0.0513336810563195
0.0199263008911891,0.985429632499695,0.168912349827683
-0.055481631079016,-0.167595696090065,0.984293386783076
0.998355646799575,-0.0271797104735387,0.0504704452326051
0.0184923994345013,0.986081096194193,0.165233479935556
-0.0542589501055599,-0.164028458101128,0.984962248650378
0.998493942346628,-0.0251104144154824,0.0487782142454118
0.016937453534654,0.986765991719016,0.161263759892138
-0.0521820827952468,-0.160194708635056,0.985705171722498
0.998622737993579,-0.0229977911912212,0.0471564286447982
0.0153846296120454,0.987657037059629,0.155874598053355
-0.0501591500516818,-0.154934433703163,0.986650587046485
0.99874291432049,-0.021755197458622,0.0451586368057134
0.0147846671003442,0.988679245462377,0.149314310133611
-0.0478957692635369,-0.148458953840719,0.987758034293406
0.998860444438013,-0.0214652577195384,0.0426269310193509
0.015181214985749,0.989661205644344,0.142619173865716
-0.0452475772683043,-0.141809522788904,0.988859300405135
0.999006975063694,-0.0211137656451316,0.0392335656596469
0.0155801748512487,0.990538886118803,0.136345052121906
-0.0417411299043507,-0.135598392272191,0.989884212465026
0.998741107128922,-0.0226737898037299,0.0447448341915658
0.0167079412687849,0.991443281710788,0.129464527377583
-0.0472974167312897,-0.128553951345256,0.990573993179747
0.997985021193473,-0.0240928490287082,0.0586978031883846
0.0167688883287474,0.99236202741086,0.122214610162722
-0.0611939691283419,-0.120984053406588,0.990766449252109
0.997725608146498,-0.0232492291022764,0.0632699312063031
0.0160596753103871,0.993594580413355,0.111856589444403
-0.0654652402243008,-0.110586089176526,0.991708132064579
0.99775974843273,-0.0222290493489455,0.0630979696384779
0.0159994300517469,0.99509994383464,0.0975711023731683
-0.0649576988930134,-0.0963429870065184,0.993226321746049
0.997879981292704,-0.021320411370754,0.0614896982774643
0.016415802682567,0.996724111927076,0.0791932201988822
-0.0629766969406843,-0.0780159263366362,0.994961029829952
0.998105962954539,-0.0208031851082402,0.0578939910866785
0.0175381887092724,0.998257380680497,0.0563437117495117
-0.0589652325645381,-0.0552216389313682,0.996731494406765
0.998369519908744,-0.0206980749172368,0.0531967236952182
0.0190269149040747,0.999315310154686,0.0317314890869788
-0.0538170811770579,-0.0306675819908321,0.99807976694672
0.998655344172157,-0.0209722364132816,0.0474095861215457
0.0206229383477884,0.99975654641174,0.00784489138056711
-0.0475625690043563,-0.00685661772997462,0.99884472708375
0.998872780527572,-0.0217964525925904,0.0421673211799944
0.0224745057468554,0.999624550965938,-0.0156733435355008
-0.0418098662106495,0.0166033659396589,0.998987619206025
0.998889742861612,-0.0229902242319559,0.0411185018650638
0.0246072327292598,0.998925925576598,-0.0392616773501132
-0.0401717027678802,0.0402298993374422,0.99838258673518
0.998732590242944,-0.024100868775592,0.0441855328233254
0.0267728058823532,0.997784041674419,-0.0609116002502606
-0.0426195970394525,0.0620173709868727,0.997164688325891
0.998381785426094,-0.0244821200139901,0.0513267603597406
0.0284805400110924,0.996493326106942,-0.0786759802290366
-0.0492206193589863,0.080010479463279,0.99557805008245
0.99818073632048,-0.0244970346975453,0.0550918590150301
0.0295616997720956,0.995219616951043,-0.093080717350069
-0.0525482972634621,0.0945399879778193,0.994133224033814
0.998049706245207,-0.0243043592801499,0.0574985389713274
0.0302609989540846,0.994000514305519,-0.105105896612246
-0.0545990458355891,0.106640872466164,0.992797395500965
0.997972235721083,-0.0240541173195819,0.058930604696026
0.0307744040515718,0.992781114855963,-0.11592495003502
-0.0557167190808477,0.117503435802223,0.991508239899971
0.997954561537005,-0.0238756013940444,0.0593013386489424
0.0312043935388145,0.991550639727598,-0.125911138028638
-0.0557940761314195,0.127504056852575,0.990267507572967
0.997949404932184,-0.023672478946611,0.0594693108756387
0.0314411063943543,0.990576972421737,-0.133299356849475
-0.0557534037005813,0.134895794776217,0.989289989096975
0.997930755006756,-0.0234224250032342,0.0598798648847391
0.0316447260711538,0.989605236149657,-0.140285736613044
-0.0559715956850292,0.14189033297639,0.988298696692615
0.997924776782631,-0.0232488458884202,0.0600469070660048
0.0319456233443157,0.988440634218793,-0.148204553824411
-0.0559072180713729,0.149815232169517,0.987132098139613
0.997955682951668,-0.0230802256156568,0.0595966278408384
0.0321019413964618,0.987365850321423,-0.155171334265162
-0.0552622857204364,0.156767282315484,0.986088281530802
0.997973254929703,-0.0230326484262979,0.0593201445673015
0.0322790549491602,0.986593042536792,-0.159975720125229
-0.0548401773939881,0.161566288329178,0.985336942075618
0.997985970990778,-0.0229569119247712,0.0591352847331643
0.0324049496742068,0.98590497151725,-0.164138071068787
-0.0545336679694869,0.165723768157884,0.984663247879876
0.998002841981897,-0.0229142127882412,0.058866512113014
0.0325942428898228,0.985050577455469,-0.169153702841783
-0.0541104678088783,0.170734585561749,0.983830147213716
0.998117145840798,-0.0229879212731662,0.0568657951158563
0.0325509135633269,0.984307476650564,-0.173433645628499
-0.0519865483063904,0.174958128949008,0.983202447062582
0.998287265961084,-0.0233328306790795,0.0536480533891581
0.0324912246586123,0.983718166940628,-0.176756579371614
-0.0486503334020245,0.178196933316686,0.982791431594924
0.998438620770692,-0.0236397538691674,0.0506110915761012
0.0323721844381845,0.983249848434142,-0.179364927533054
-0.0455232053816455,0.180723262451856,0.982479893015902
0.998579212669745,-0.0239273669168161,0.0476134134073606
0.0321939480943198,0.98291068904592,-0.181246040137089
-0.042462992475477,0.182521391819433,0.982284498400705
0.998700556316676,-0.0241282868744189,0.0448890252207372
0.031942557570533,0.982694867032173,-0.182456765630853
-0.0397098454871764,0.183653543611673,0.982188629587138
0.998810891169449,-0.0243177541451401,0.0422545916395781
0.0316646881676935,0.982604073560031,-0.182993393723586
-0.0370695455129101,0.184113773131097,0.98220566448117
0.998901855158695,-0.0244204278091377,0.0399840776576816
0.0313492027212926,0.982603173080273,-0.183052538199605
-0.0348182602847432,0.184104988955207,0.982289693416635
0.998993113919281,-0.0237954393195244,0.038033346019631
0.0303626040831648,0.982702154231987,-0.182687132390604
-0.0330283304928834,0.183657978687025,0.982435176614442
0.998973511829952,-0.0240390900720046,0.0383932912192017
0.0306929839119148,0.98255732701011,-0.183409486879308
-0.0333146124203077,0.184399623880468,0.982286574942377
0.998914254565811,-0.0242713561656386,0.0397644727754667
0.0311940184914081,0.98243883995567,-0.183958851260047
-0.034601231706224,0.184999532476271,0.98212928260386
0.998876929644725,-0.0242030833829399,0.0407319306967628
0.0313180908503398,0.982372934439593,-0.184289432323271
-0.0355535737868542,0.185358108631109,0.982027654883344
0.998924350052181,-0.0244935923510467,0.0393726657285116
0.0313338445506389,0.982467516390394,-0.183781852812966
-0.0341808873276391,0.184817864860059,0.982178203672869
0.998965862155911,-0.0239895667015411,0.0386226220830434
0.0306134352659945,0.98295705149871,-0.181268454205848
-0.0336158270508409,0.182263368778356,0.982674941459918
0.998997213356555,-0.0236122052806824,0.0380398668191805
0.0300533213812027,0.983422070609647,-0.178823457386864
-0.0331868284082138,0.179787359955077,0.98314553328619
0.999023279728885,-0.0238219735627513,0.037215589949882
0.0300938543311617,0.983517898130048,-0.178288821829487
-0.0323550072050216,0.179234644065893,0.983274171264218
0.999076946900053,-0.0238193731843858,0.0357476101854692
0.0297485289561233,0.983982322822847,-0.175766360254464
-0.0309883719775013,0.176667557387479,0.983782646202364
0.998673302557341,-0.0224981514823758,0.0463191962267283
0.0302855685288759,0.984106554079982,-0.174977354408236
-0.0416463575609782,0.176148015591146,0.983482311739873
0.997904637453138,-0.0196550652977861,0.0616442451301202
0.0299295761305956,0.984908417975049,-0.170468849572377
-0.0573633595787892,0.171956641657211,0.983432945537116
0.997855889610217,-0.0193488357980616,0.0625239643933633
0.0293404405773899,0.986177159934239,-0.163075895738036
-0.0585043769040194,0.164560723677607,0.984630390606432
0.997929997851446,-0.0192629891013257,0.0613567978230218
0.0285402633942488,0.987639907459018,-0.15411965014147
-0.0576296169829357,0.155551761305439,0.986145261511293
0.998097874862763,-0.0195096400482353,0.0584808185615105
0.0276250852106536,0.989574066199089,-0.141350706306353
-0.0551134000179643,0.142697377170672,0.988230727961376
0.998349137212472,-0.0202244006779127,0.0537584769532354
0.0267805475264598,0.991898095922171,-0.124181196564356
-0.0508114406536099,0.125415871895033,0.990802228790142
0.998658084926952,-0.0210501042462211,0.047317253948815
0.0258739111201973,0.994265403822663,-0.103763420744988
-0.0448616777815715,0.104848461469782,0.993475832617
0.998978279615973,-0.0216738463022386,0.0396565409734374
0.0249501159056418,0.996146657140638,-0.0840793029456522
-0.037681408835207,0.084982832701662,0.995669638772919
0.999278273050284,-0.0221143186158554,0.0308851084148737
0.0240651661159175,0.997640957678254,-0.0642914251096495
-0.0293904880778691,0.0649882795200243,0.997453118063988
0.999555938754793,-0.0220282361559142,0.02006694077044
0.0228873848180957,0.99878506247707,-0.0436413403651181
-0.0190812189394041,0.0440812407327081,0.998845709456296
0.999695376063386,-0.0199473444477401,0.0145347351874251
0.0202694818338327,0.999544402229385,-0.0223637223665789
-0.0140820163212975,0.0226515213922753,0.999644239414674
0.999713431878224,-0.0188065444778867,0.014811077174373
0.0188405139130212,0.99982017433274,-0.0021573207324893
-0.0147678420142287,0.00243575081870948,0.999887982706159
0.99969326629279,-0.0174501810875266,0.0175745414980488
0.0171662672891943,0.999721754409195,0.016178165172735
-0.0178519633712947,-0.0158715135073151,0.99971466052208
0.999652751820567,-0.016236792927897,0.020754332872542
0.0156805173836635,0.999520759945008,0.0266902943695583
-0.021177751347778,-0.0263555875360357,0.999428279494573
0.999649908245805,-0.015820910255797,0.0212075397637558
0.0150609447080068,0.999255198359736,0.0355276863241572
-0.0217538246902844,-0.0351958427903547,0.999143645209047
0.999670338397357,-0.0148679000130717,0.0209322735916463
0.0139362327974564,0.998935552793179,0.0439720681933584
-0.0215637646047561,-0.043665855253133,0.998813444613699
0.999704747282878,-0.014240376186138,0.0196883200439822
0.0132273881647804,0.998628482690971,0.050657573576583
-0.0203827000766637,-0.0503821917388076,0.998521997901488
0.999751779849696,-0.0139075615028852,0.0174057008019934
0.0129069478464386,0.998328428146321,0.0563361362908872
-0.0181601042027397,-0.0560974980541875,0.998260127084823
0.999789612906013,-0.0137369687583039,0.0152323870282674
0.0128000837602729,0.998117208765348,0.0599849599666607
-0.0160277191445179,-0.0597773640754196,0.998083052137055
0.999819897550429,-0.0140361289665591,0.0127733921056205
0.0132033455834985,0.997920037289302,0.063097312477792
-0.0136324659417333,-0.0629172969870094,0.99792563330751
0.999841702141503,-0.0147029502898442,0.0100196762200899
0.0140152149714847,0.997750287700016,0.065558654225343
-0.0109610404654,-0.065407848514604,0.997798410975186
0.999854753154847,-0.015533274520452,0.00701355661077448
0.0150151321387357,0.997524046543128,0.0687046022845596
-0.0080633988191436,-0.068589313678557,0.997612393491875
0.999860267206541,-0.016394645203065,0.00326522132943348
0.0161219221556995,0.997351895353479,0.0709174200096753
-0.00441924062143447,-0.0708548688763781,0.997476845780814
0.999850874491117,-0.0172661159056614,-0.000331693955784325
0.0172465259138891,0.997361883061211,0.0705112158489542
-0.000886635917156088,-0.0705064213964127,0.997510931478258
0.999824732343452,-0.0184221627584701,-0.00333594269196508
0.0186090621119071,0.997424173895035,0.069272795072248
0.00205119517813933,-0.0693227325565497,0.997592176868501
0.999778595782639,-0.0201001495358142,-0.00622441993550762
0.0204869473078939,0.99733532242581,0.0700181378773262
0.00480045882173964,-0.0701301549295493,0.997526298883723
0.999769911560078,-0.0197393898915198,-0.008395262108094
0.0202811213204471,0.997321859114079,0.0702693777631607
0.00698570376829279,-0.0704234749209881,0.997492723844598
0.999763073774631,-0.0194022649633504,-0.00986653084897935
0.0200469314760723,0.997339241530812,0.0700896414681794
0.00848038059850955,-0.0702708290618249,0.997491901585105
0.999761789771576,-0.0191011360149279,-0.0105598444909917
0.0197897933412463,0.997385856620569,0.069496885489673
0.00920477008107568,-0.0696893077608982,0.997526276642155
0.999767882572222,-0.0187997120996868,-0.0105238682063799
0.0194791346176212,0.997447897273949,0.0686895591653214
0.00920566627707939,-0.0688786109670229,0.997582574356453
0.999783821057956,-0.0184288243774949,-0.0096275429272553
0.0190363218342555,0.997546514518276,0.0673689084330503
0.00836239210844238,-0.067537617699335,0.997681683000005
0.999814995502235,-0.0180302261309826,-0.00669968018134639
0.0184395352261964,0.997575147764521,0.0671104172482687
0.00547341844815076,-0.0672215405079391,0.997723060865204
0.999843901630187,-0.0172088865723912,-0.00400332310268595
0.0174373180387561,0.997629282173545,0.06657142997948
0.00284821216576263,-0.0666308455059375,0.997773630697175
0.999889309854495,-0.0143596430099291,-0.00389470041582378
0.0145856544774389,0.997708809606968,0.0660635293949079
0.00293712821756048,-0.0661130235677849,0.997807817865023
0.999863380378895,-0.0136866716674117,-0.00926798769736116
0.0142655811574537,0.997745142356637,0.0655829558496265
0.008349477320771,-0.0657062091617103,0.997804079118776
0.999751074845871,-0.0123226498038426,-0.0185994797329847
0.0134817066345051,0.997888538568972,0.0635350940732943
0.0177772869343719,-0.063770031319524,0.99780626936032
0.999572142178607,-0.0108760313572676,-0.0271522470964434
0.0125443812641839,0.9979942044296,0.0620500316166646
0.0264229271499086,-0.0623640911650769,0.997703637887516
0.999362769305659,-0.00936000992278982,-0.0344448187681403
0.0114615575034547,0.998051772169347,0.0613293793317728
0.0338036688144904,-0.0616850896398048,0.997523063237542
0.999071436284787,-0.00752355568684833,-0.0424224151797059
0.0101262251763308,0.998057306185708,0.0614741663872424
0.0418774971020319,-0.0618466626355458,0.997206731604492
0.998679029218818,-0.00733241409621493,-0.0508569788925785
0.0105038355730848,0.997997478110964,0.06237550097923
0.0502977736764973,-0.0628272981090064,0.996756171074707
0.998995390160663,-0.00850642310560636,-0.0439983091003837
0.0112103186369313,0.998039339827624,0.0615776332161144
0.0433882379661005,-0.0620090067844039,0.997132059400263
0.999540891089485,-0.0101013897062842,-0.0285651705060507
0.0117841386631038,0.998166603402531,0.0593680547754701
0.0279130993622477,-0.0596774143027013,0.99782737239772
0.999891173581069,-0.0110537495051914,-0.00977013902409006
0.0115843597193813,0.998361658203427,0.0560339364956228
0.00913474709915615,-0.0561410193279387,0.998381060689882
0.999921643943949,-0.0118917796611207,-0.00391044101375418
0.0120707188971501,0.998703091813407,0.0494614208009467
0.0033171852128994,-0.0495047470333269,0.998768379707442
0.999931276942733,-0.0117229992425475,-0.000112607439285462
0.0117184540656617,0.999168469176231,0.0390518634425924
-0.000345291162828868,-0.0390504992642493,0.999237178692439
0.999949858740962,-0.0100063956841815,0.000389935047981714
0.00999410637689391,0.999660101086514,0.0240790392962015
-0.000630746904375319,-0.0240739348905052,0.999709981853352
0.999962964124502,-0.00854412432597129,-0.00103359510597672
0.00855092290264795,0.99994057375579,0.00676244589296664
0.000975754504844415,-0.00677103363192623,0.999976600229576
0.999964264888247,-0.00721668240453771,-0.00440323081160289
0.00716754124025531,0.99991297285228,-0.011075787750081
0.00448277805355703,0.0110438316171355,0.999928966719204
0.999925686440225,-0.00621183086469508,-0.0104897451996606
0.00590838262427476,0.999570165954408,-0.0287154026376416
0.0106636115744408,0.0286512912655805,0.999532586210677
0.999833193763739,-0.00551809895578968,-0.0174107791932304
0.00471393489549329,0.998935129518111,-0.0458953792057061
0.0176454942124714,0.0458056502906423,0.998794512868112
0.999771936072397,-0.00513238302173587,-0.0207300382674141
0.00384187834814357,0.998079934210582,-0.0618197775550667
0.0210075180068546,0.0617260364086182,0.99787202617193
0.999774518503813,-0.00483661972855537,-0.0206765388803292
0.00326639074814971,0.997154624894077,-0.0753125802494767
0.0209819646827655,0.0752280610008979,0.99694558326726
0.999780984271319,-0.00431826717487102,-0.0204776966009075
0.00249906147749688,0.99611331802775,-0.0880455128866804
0.0207783103548888,0.0879750545117953,0.9959059451587
0.99978823337817,-0.00376754134158516,-0.0202310165537299
0.00172974478014054,0.995004591049833,-0.0998141862299627
0.0205060084256645,0.0997580544216533,0.994800399173851
0.999794094034048,-0.00417518739358203,-0.0198579290175564
0.00206651287493825,0.994465241471381,-0.105045766358314
0.0201866059350142,0.104983100142339,0.994269103223734
0.999793499983949,-0.00427105157021073,-0.0198674484604959
0.00210159789550024,0.994152882884069,-0.107961237208459
0.0202123891742537,0.107897189823369,0.993956566330787
0.999793608773503,-0.00296620569715149,-0.0200982954356183
0.000788255140889605,0.994202883253539,-0.107517466414451
0.020300702191995,0.107479433167988,0.994000026627968
0.999831142032511,0.000483480446146706,-0.0183699120472144
-0.00241721158713699,0.99442796031094,-0.105390648731118
0.0182165998503346,0.105417256644637,0.994261211901285
0.999849096310525,0.00469991724349162,-0.0167240959376234
-0.00643003438062294,0.994456673382579,-0.104950366472532
0.0161381307743651,0.105042065586883,0.994336826831004
0.999839501995403,0.00721006901786284,-0.0164007668827343
-0.00891074074953171,0.994314817076428,-0.106106753986561
0.0155424885034146,0.106235867046058,0.99421947858815
0.999877887010165,0.00692564936524438,-0.0140087989834135
-0.00836324680912514,0.994403766563526,-0.105314790732743
0.0132010291605486,0.105419089472171,0.994340257861443
0.999910774584453,0.00661548223048833,-0.0116050965001499
-0.00778855007723514,0.99453224076293,-0.104139140436056
0.0108527119935111,0.104220235453218,0.99449502822511
0.99993849314852,0.00624055843729976,-0.00916871584561261
-0.00716197252165052,0.994533951072523,-0.104167779633027
0.00846853408011469,0.104227038691821,0.994517475128551
0.999955363653921,0.00630239482084744,-0.00703921297280512
-0.00699773930133414,0.994597073566862,-0.103574576498794
0.00634841274846839,0.103619211885423,0.994596780903608
0.999961034139075,0.00655789663885021,-0.00590966963419666
-0.00712589900581933,0.994772392013307,-0.101868099282761
0.00521073573212574,0.101906241613542,0.994780360759767
0.999962774367332,0.00723035939383852,-0.00470869224131022
-0.00765609311148021,0.99518122892063,-0.0977532906980249
0.00397921070763905,0.0977857019561662,0.995199538974514
0.999964923507817,0.00798250801065349,-0.00253600470527942
-0.00818356104063717,0.995643874914247,-0.0928778965870617
0.00178355899804631,0.0928953923055531,0.995674276561215
0.999960338662721,0.00881375017436472,0.00128019896901129
-0.0086675615251748,0.996110651517878,-0.0876837687935243
-0.00204804266158723,0.0876691949346679,0.996147538159265
0.999930928618737,0.00970479872830506,0.00662984715616361
-0.00912730016696702,0.996575084638408,-0.0821875481421122
-0.00740475410348554,0.0821213587295839,0.996594828431833
0.999849461235463,0.010673845394456,0.0136793235084945
-0.00959602512827634,0.997017976933264,-0.0765706861249021
-0.0144558351156994,0.0764278921362877,0.996970313567416
0.999763900461346,0.0111971529827941,0.018621683581107
-0.00985056447247247,0.9974351036242,-0.0708955600708236
-0.0193677493242924,0.0706953875670966,0.997309907933762
0.999657499109563,0.0111870679939019,0.0236586978448591
-0.00957893204045484,0.997705254166598,-0.0670258895452233
-0.0243542303302501,0.0667763080595502,0.997470699392698
0.999536001180239,0.0109199934065877,0.0284347690093774
-0.00910706086970414,0.99796411640476,-0.0631243519632628
-0.0290661966368507,0.0628361051662693,0.997600511277236
0.999410737352659,0.0103658233276179,0.0327219768803022
-0.0084077167164229,0.998197594195691,-0.059421151466058
-0.0332789477572655,0.0591110196890261,0.997696546544836
0.999413482890854,0.00923178244999908,0.0329767252584112
-0.00739697750061708,0.998440480162351,-0.0553343681361752
-0.0334361322498313,0.055057985487759,0.997923165025345
0.999389993361704,0.00843952058199172,0.0338882820579448
-0.00678332021240195,0.998790742818544,-0.0486933119317066
-0.034258250617752,0.0484337336195404,0.998238721805703
0.999492062616276,0.00696162480871116,0.0310990763059881
-0.00562766396807182,0.999068779640111,-0.0427773648870661
-0.0313679161776073,0.0425806215130952,0.998600492943116
0.999706398827101,0.00420815629471713,0.0238622623560618
-0.00325910152630574,0.999207420176569,-0.0396725310678076
-0.0240102978197173,0.0395831136304884,0.998927766514639
0.999836030245909,0.00360289194819648,0.0177463176944598
-0.00297451653280105,0.999372024393106,-0.0353087682002727
-0.017862387116485,0.0352501919148552,0.999218874469686
0.999532031564116,0.00576129991051233,0.0300420588617268
-0.00476767096928683,0.999442593560856,-0.0330419655874022
-0.030215677898054,0.0328832723385551,0.99900235395592
0.998890416663727,0.00756430916398619,0.0464835102400605
-0.00640718700075272,0.999667119844667,-0.0249919478273662
-0.0466570836219277,0.0246663886359565,0.998606371810012
0.998729577341261,0.00665342088808367,0.0499496079487239
-0.00608451972598316,0.999914981440672,-0.0115329315529524
-0.0500220947527124,0.0112143604805167,0.998685149662076
0.998496263725956,0.00401765544490137,0.0546723858088515
-0.00439670403659799,0.999967114720358,0.00681457786342011
-0.0546432092662978,-0.0070447088348708,0.998481092339014
0.998387499626737,0.00168922179436176,0.0567410532049008
-0.00323404749778602,0.999626272143676,0.0271451096317328
-0.0566739933819207,-0.0272848413934584,0.998019837430239
0.998335732001187,-4.07249837785404e-05,0.0576694420913767
-0.00279402844281307,0.998791251053805,0.0490737223311628
-0.057601732740567,-0.0491531805669888,0.997128880950418
0.998317086719783,-0.000933479954014149,0.0579838165223767
-0.00321713525617313,0.997439158866983,0.0714477039481964
-0.0579020241793729,-0.0715140054388026,0.995757552129046
0.998268734041321,-0.00125443297072744,0.0588044303897325
-0.00409148231587447,0.995869718237422,0.0907015108483705
-0.0586753304890379,-0.0907850796972726,0.994140470404642
0.998202354320782,-0.00157450881866152,0.0599131100046445
-0.00505291662427641,0.993884943714101,0.110304971293258
-0.0597204141147463,-0.110409417987771,0.992090334877608
0.998131268756175,-0.00175871229086471,0.0610809075101732
-0.00620351471276962,0.99150493918281,0.129921022091503
-0.0607905151844991,-0.130057150926699,0.98964117272698
0.998078143323734,-0.0018202995973485,0.0619411521431785
-0.00748257316523521,0.988714493188197,0.149625071623821
-0.0615144773063658,-0.149800992883834,0.986800705113622
0.998016004943516,-0.00185274687558035,0.0629334664991475
-0.00887473770518415,0.985447309111007,0.169749344612991
-0.0623321177824761,-0.169971080760496,0.98347574387875
0.997933892837903,-0.00185505884593982,0.0642223036185105
-0.0103385999723628,0.981920431348133,0.189011586554124
-0.0634118196868809,-0.18928503706784,0.979872499800982
0.997858702442154,-0.00182718498755361,0.0653809708973694
-0.0117357248645673,0.978385526401984,0.206455889935397
-0.0643450287307775,-0.206781099528305,0.976269068523376
0.997800110641869,-0.00186681472177267,0.0662680481519517
-0.0128577315003145,0.975173058544696,0.221070542201463
-0.0650355129428579,-0.221436268238466,0.973003782708414
0.997751198540648,-0.00155642921382066,0.0670083826010101
-0.0138802915934835,0.973260808516113,0.229283091639664
-0.0655734955296792,-0.229697575378289,0.971050534498259
0.997683824813305,-0.0015263955449332,0.0680048220535531
-0.0146401174686836,0.971499844635162,0.236587655710014
-0.0664278004031306,-0.237035275835681,0.969227334191058
0.997663035576224,-0.00147353841205037,0.0683102929973409
-0.0152974969976153,0.969570758586512,0.24433282767484
-0.0665916964076024,-0.244806807051037,0.967282364767928
0.997653592710049,-0.00198695195281519,0.0684350858454067
-0.015166846999322,0.96832854058681,0.249218386635334
-0.0667628317616182,-0.249671563272546,0.966026311643846
0.99762543276462,-0.00332291127275617,0.0687928351056859
-0.0142608690864888,0.967222576785204,0.253529316983045
-0.0673804386606583,-0.253908340189259,0.964878454142403
0.99761186124453,-0.00463396929724134,0.0689137187559639
-0.0132780853453958,0.966269174253898,0.257191709306987
-0.0677810206015243,-0.257492542057516,0.96390005915083
0.997611537418403,-0.00622112675982975,0.0687932990307113
-0.011954502586556,0.965357050585296,0.260658502169343
-0.0680316858353426,-0.260858318761537,0.962976960916151
0.997569028983897,-0.00869324197393017,0.0691408703742453
-0.00985670860364856,0.964610154173661,0.263495912227436
-0.0689846193555364,-0.263536862713831,0.962179528094068
0.997424753158633,-0.0114300510518208,0.0708040656981797
-0.00770522995159389,0.964427803526853,0.264234065206899
-0.0713056184170115,-0.264099158872805,0.961856092700381
0.997268801283822,-0.0116893350064621,0.0729266579039266
-0.00798168737346163,0.964556167050223,0.263756882890389
-0.0734250001879603,-0.263618588215036,0.961828471867468
0.997158492729726,-0.0119514246184595,0.0743781138949536
-0.00805940880238516,0.96474339537997,0.263068863608909
-0.0748998418338613,-0.262920795146211,0.961905748591278
0.997054480370379,-0.0120230282707334,0.0757483330810364
-0.00828947591242425,0.964957991003008,0.262273445450614
-0.0762472803610189,-0.262128827851193,0.962016023695504
0.99697294370015,-0.0120971550894536,0.0768023981956193
-0.00821619400093732,0.965897806125566,0.258793203693523
-0.0773139294435079,-0.258640845499237,0.962874586513448
0.996905802214523,-0.0120889096691368,0.0776703275004706
-0.00807508002957694,0.967125444045636,0.254171533736662
-0.0781896066848711,-0.254012270850332,0.964035347725343
0.996849853949716,-0.0118951295243392,0.078414759924582
-0.00796586690621643,0.968673676677534,0.248209292889008
-0.0789107954899903,-0.248052038906412,0.96552745810231
0.996795669343246,-0.0115487629100907,0.079151877133756
-0.00784778802979486,0.970629360438506,0.240451776615969
-0.0796040564392928,-0.240302456770594,0.967428510779183
0.996657741384419,-0.0109764149912589,0.0809497674638292
-0.0082945241752762,0.972213190675754,0.233950235615988
-0.0812683665838936,-0.233839753228595,0.968872758623534
0.996573798896429,-0.0101400388390742,0.0820843649270819
-0.00922845167509183,0.972626284126341,0.232191617217905
-0.0821918428605952,-0.232153593637764,0.969200294019895
0.996507435554872,-0.00908536230150327,0.0830083554571612
-0.0102379405933196,0.973271043227109,0.229431168301135
-0.082874093999631,-0.229479699772042,0.96977881598655
0.996595685755535,-0.0081908204158849,0.0820362699930371
-0.0104361300144041,0.974514898976212,0.224079893930058
-0.0817809655346414,-0.224173196734798,0.971111863557399
0.996644111863964,-0.00756663957017363,0.0815061976324896
-0.0104709677339204,0.975753563359701,0.218621459206458
-0.0811841925599224,-0.218741238810748,0.972399813513934
0.996709613627534,-0.00663489363845966,0.0807831931088286
-0.0107670388614033,0.976974216212245,0.213085550262391
-0.0803368967325039,-0.213254212251189,0.973688155407324
0.996805703860169,-0.00554032171299806,0.0796724142169013
-0.0111624491743504,0.978134183731299,0.207675030624137
-0.0790808983273651,-0.207900994349769,0.974947889924438
0.99691485502413,-0.00441459865907866,0.0783663393996221
-0.0115701680432866,0.979244873531194,0.202350213427921
-0.0776331310953488,-0.202632645399388,0.976172683481144
0.997040525188349,-0.00374225610532933,0.0767866306812817
-0.0115103584084192,0.980289251447814,0.197232084472063
-0.0760112016840358,-0.197532222726135,0.977345035390993
0.996406236323903,-0.00320807834312507,0.0846423088542508
-0.0131159790051615,0.981386054041049,0.191596931156208
-0.0836814394568483,-0.192018543810448,0.977817107399612
0.995255611254212,-0.00393449122802629,0.0972151636617493
-0.0141388534471453,0.982726742954875,0.184521655922832
-0.0962619399877452,-0.185020724406971,0.978008676060553
0.994652657644557,-0.00543851944735975,0.103133472485123
-0.0129456455580547,0.984170621165291,0.176750102393776
-0.102462192547808,-0.177140088464881,0.978837518772626
0.994131397208784,-0.00622737380305906,0.107999930088994
-0.011929167436688,0.985942689719231,0.166657455739238
-0.107519579835386,-0.166967758578492,0.980082296313578
0.994268595085729,-0.00599279716752498,0.106742902379315
-0.0106097108289366,0.987968296539599,0.154292187322528
-0.106383245214542,-0.15454038764916,0.982242268344664
0.994741143809167,-0.00470847000788236,0.1023126928754
-0.00963506365639344,0.990210755154371,0.139247355181161
-0.101966770869574,-0.139500862674021,0.984958012786147
0.995334181375154,-0.002437285073387,0.0964568661512669
-0.00931145004311156,0.992588668404137,0.121165309613753
-0.096037306732056,-0.121498127545954,0.987934735050084
0.995959716972892,-0.000653487384014972,0.0897987478839019
-0.00840832042276202,0.994901831515392,0.100496993959957
-0.0894066122551671,-0.100846014306756,0.990876651800564
0.996622369215764,0.000354773861777119,0.0821202004032206
-0.00687819899414085,0.99683753626781,0.0791682806818506
-0.0818324114110975,-0.0794657185396966,0.993473027323648
0.997287757464786,0.000804464122817139,0.0735967502566021
-0.00496064050855814,0.998401181925073,0.0563069442996266
-0.0734337855254815,-0.0565193132308904,0.995697266429564
0.99800506045426,0.000869195703429911,0.0631279954261093
-0.00266700554016241,0.999593077172256,0.0284001258931744
-0.0630776219362974,-0.0285118320724668,0.997601267562714
0.998259619712459,-3.63536552196739e-05,0.058972284421987
-0.000161355024063141,0.999994383070334,0.00334780410694259
-0.0589720748837293,-0.00335149312904029,0.998254006692542
0.998213523877732,-0.00105921252297624,0.0597380851419833
0.00228342774957036,0.999788708759279,-0.0204285044770059
-0.0597038248800876,0.0205284170428634,0.998005028739035
0.9980080788585,-0.00207549402222397,0.0630520963785599
0.00438129555090624,0.999325743581449,-0.0364535658705703
-0.0629339239398204,0.0366572031113683,0.997344258858288
0.997757072989268,-0.0025781146479083,0.0668892863226328
0.00617581851773793,0.998541505203434,-0.0536350785558881
-0.0666534512649186,0.053927875082582,0.99631777145826
0.997479169263987,-0.0028796021628711,0.0709014441024338
0.0076919692114905,0.997676415892649,-0.067694924338882
-0.0705417641831876,0.0680696486180226,0.99518359233005
0.997414247597793,-0.00307002279903024,0.0718010699707341
0.00865863783636879,0.996942799907941,-0.0776536007055288
-0.0713431614084169,0.0780745071821048,0.994391534883782
0.997493439767221,-0.00326947148313535,0.070683436373578
0.00939304071460918,0.996209656934163,-0.0864759516701093
-0.0701327912426875,0.0869231268842669,0.993743307703338
0.997573562352505,-0.00351037681961427,0.0695317549750913
0.0101651622381965,0.995369113614537,-0.0955876411409054
-0.0688742126779171,0.0960625052598342,0.992989596073998
0.997706594256066,-0.00377856869467446,0.0675816113789874
0.0108122668693034,0.994516771730541,-0.104016756495338
-0.0668180115171637,0.104508914286214,0.992276796146927
0.997823760181071,-0.00416673175982786,0.0658056377869767
0.0114274801449747,0.993827180784678,-0.110349206753446
-0.0649396359371173,0.11086105303496,0.991711989745175
0.997917842561843,-0.00433876324301281,0.0643518036284735
0.0118137491642724,0.993151167195093,-0.11623766355923
-0.0634067411826233,0.116755874509791,0.991134527165739
0.997978871281996,-0.00463298833311959,0.0633775030576223
0.0124345445617977,0.992296102651792,-0.123263241737373
-0.0623181721190089,0.123802181245608,0.990348153601841
0.998074934656856,-0.00527531148671915,0.0617947886025291
0.0132205253300333,0.991571830347807,-0.128881817843705
-0.0605940799064654,0.129450671490796,0.9897327321711
0.998305731818465,-0.00559960032860614,0.0579164078181557
0.0133002066666464,0.990966973878036,-0.133444974373828
-0.0566460088710894,0.133989182993132,0.989362485906864
0.998515271202721,-0.00588215838862179,0.0541539785024858
0.0132747857067928,0.990456642427472,-0.137183889490489
-0.0528302303553112,0.13769909107903,0.989064167320105
0.998709706384355,-0.00612228893467297,0.0504126963361107
0.0131414679471344,0.99004923276578,-0.140106454241355
-0.0490532791347425,0.140588172610966,0.988852234425366
0.998876698023033,-0.00626040323152459,0.0469696657214189
0.0128939235012253,0.989741190131923,-0.142288872695617
-0.0455970271327821,0.142734662600307,0.988710133056716
0.999029723171459,-0.0063721135262713,0.0435776133945697
0.0125914069901786,0.989501594802626,-0.143972394413189
-0.042202709509769,0.144381404800852,0.988621738208182
0.99916119271942,-0.00643935449704931,0.0404406438767645
0.0122402837244956,0.98937333715465,-0.144881245100306
-0.0390779530918625,0.145254722612149,0.98862226312228
0.999275727283719,-0.00649062077199831,0.0374952357451999
0.0118852234787533,0.989286969963977,-0.145499252652216
-0.0361491676868791,0.145839510769501,0.988647598881451
0.999369094599115,-0.00671844906433942,0.0348751373089123
0.011818935024984,0.98889033509965,-0.148176306882636
-0.0334921712497237,0.148495008632182,0.988345843759313
0.999457927898879,-0.00696145065016067,0.0321774542952849
0.0117535432520334,0.988428340882563,-0.151232500346869
-0.0307523101750478,0.151528720528448,0.987974363166327
0.999539042894995,-0.0071732868079638,0.0294999268630929
0.0116482721419236,0.987932379609157,-0.154447178918543
-0.0280360390330878,0.154719608570341,0.987560541556403
0.999655435253786,-0.0056260876734052,0.0256389918884191
0.00957377375267785,0.987622136376026,-0.156559441095665
-0.0244408188016645,0.156750958139163,0.987335699495748
0.999726594226776,-0.00229864175703515,0.0232691435554518
0.00590479860555379,0.987720514432306,-0.156119565471495
-0.022624547490707,0.156214281087401,0.98746403895797
0.999754471891679,-0.00198745949934041,0.0220691172757059
0.0054006995494359,0.987789479008453,-0.15570092358296
-0.021490192576315,0.155781883301456,0.987557682597875
0.999780595808247,-0.00221399061577814,0.0208292700510561
0.00546862516991381,0.987500019919883,-0.157523981656702
-0.0202201479731866,0.157603327705297,0.987295465760964
0.999819133466649,-0.00217283175876472,0.0188938920328179
0.00511812379201884,0.987542446356961,-0.157269582094438
-0.0183168000166309,0.15733783856866,0.987374953800071
0.999531510944169,-0.00215745597425838,0.0305303785332827
0.00697794313347784,0.987305163634915,-0.158681511744309
-0.0298004519981215,0.158820210437943,0.986857676576088
0.999158776820929,-0.00194482910527757,0.0409628653960688
0.00831776773156835,0.987723536221339,-0.155990482832696
-0.0401566114316045,0.156199979622806,0.986908816924931
0.999229055906732,-0.00165097075206427,0.0392245857507381
0.00754416022607208,0.988569793934795,-0.150575058247376
-0.038527645635628,0.150754889855332,0.98782011707926
0.999289632895288,-0.00133489083985404,0.0376622842436042
0.00666445249611465,0.989881171736903,-0.141742198775463
-0.0370919756945811,0.14189250828434,0.989186889031517
0.999408709010696,-0.00191951948222846,0.0343299839576359
0.00630589229310237,0.991738077703811,-0.128124240308924
-0.0338004153223298,0.128264962781379,0.991163776197824
0.999569936638798,-0.00289407920006098,0.0291816050534004
0.0060787567184928,0.993952418750063,-0.109643230423297
-0.0286878107332408,0.109773464764863,0.993542548635362
0.999736000190583,-0.00385764925808402,0.0226505731745879
0.00590331205401025,0.9958375927706,-0.0909540528599394
-0.022205423430521,0.0910637544089704,0.995597464743264
0.999882336278546,-0.00463487225312753,0.0146229804538788
0.00570427085189996,0.997244991457895,-0.0739586932428581
-0.0142399049226285,0.0740334044289482,0.997154090467694
0.9999752551614,-0.00523226940041653,0.00470238469443674
0.0054912744447849,0.998366600143852,-0.0568680720807204
-0.00439715474654466,0.0568924869743574,0.998370627550715
0.999966944423043,-0.00536982061170841,-0.00610533273791164
0.00512833144157996,0.99922978702557,-0.0389041506456549
0.00630953864144174,0.0388715544766682,0.999224295128326
0.999942456150232,-0.00456718342756565,-0.00970696779540705
0.00436810021130405,0.999781692693972,-0.0204324901693399
0.00979816762390323,0.020388913397117,0.999744111321341
0.999965617290659,-0.00341642874955092,-0.00755594144439482
0.00338987555561979,0.999988044190019,-0.00352423335465185
0.00756789139914764,0.00349849848075873,0.999965243160057
0.999981737806326,-0.00235545675377634,-0.00556559766081419
0.00241129280533763,0.99994661995996,0.0100470342717373
0.00554163521425742,-0.0100602710764485,0.999934038437046
0.999998824675374,-0.0010788496280404,-0.00108937199846982
0.0010992519109188,0.999820682490523,0.0189048805714565
0.0010687811316235,-0.0189060558463358,0.999820693304168
0.999999430549594,-0.000551442724226714,0.000913680146176228
0.000528275796324391,0.999683178304184,0.0251647360472724
-0.000927267583083235,-0.0251642390420964,0.999682900348036
0.999999862416439,0.000246793369774662,-0.000462882422418009
-0.000232440752197793,0.999526929399504,0.0307548919116248
0.000470253549764403,-0.0307547800875188,0.999526849245866
0.999997065691237,0.00185701638278882,-0.00155566676096681
-0.00180245247169405,0.999407535769283,0.0343704613390124
0.00161857159384658,-0.0343675564700681,0.999407950382762
0.999992703332797,0.00167579285627218,-0.00343292870111133
-0.00155524608382864,0.99939233677449,0.0348215221672405
0.00348919629467624,-0.0348159290372633,0.99938765081148
0.999985195896121,0.00139642628383439,-0.0052590856839377
-0.00120838373985765,0.999365718667814,0.035590731381921
0.00530544977682662,-0.0355838494994095,0.999352611372717
0.999972129356508,0.000982063032912394,-0.00740108521845806
-0.00071596535650624,0.999356167179376,0.0358711376200251
0.00743154787509133,-0.0358648389477199,0.999329017603029
0.99995132228599,0.000519661911643334,-0.00985307109472735
-0.000167698073373123,0.999362949871721,0.0356884617355276
0.00986534012877161,-0.0356850721617543,0.999314390314156
0.999918727878343,1.65043270139409e-05,-0.0127490143055493
0.00044697703243264,0.999338999143692,0.0363505846172586
0.0127411871381119,-0.0363533288447041,0.999257773365922
0.999828120339329,-0.00292894877500355,-0.0183071307909762
0.00358954246679849,0.99933971530422,0.0361558930267172
0.0181891441141015,-0.0362153927875119,0.999178462719069
0.99970982908303,-0.00707987334646533,-0.0230246178725564
0.00787365635377219,0.999371279909735,0.0345695014022753
0.0227653941411506,-0.0347407582671597,0.999137035918808
0.99964759016488,-0.00673083512442012,-0.0256786163193527
0.00758831971353627,0.999411819417708,0.0334429755271754
0.0254384135015101,-0.0336260474441164,0.999110692592073
0.999607077337321,-0.00627780996427769,-0.0273181265681303
0.00719989084121406,0.999403120197256,0.033787052429355
0.0270897122357284,-0.0339704642600274,0.999055631608643
0.99956427577223,-0.00582347596534422,-0.0289369267134315
0.00678883597028896,0.999419829991169,0.033375367063016
0.0287257777284787,-0.0335572726559177,0.999023893180634
0.999538114699891,-0.00528786704026987,-0.0299265053815389
0.00623405132473951,0.999480759590434,0.0316124629317381
0.0297438038298292,-0.0317844249703283,0.999052078954365
0.999530769043085,-0.00423698948406343,-0.0303362762423332
0.00512388056049768,0.999559943833471,0.0292175380829651
0.0301991321752955,-0.0293592677657277,0.999112629192585
0.999554533022737,-0.00132549496266087,-0.0298157437740991
0.00210253146896956,0.999658559128536,0.0260450479454521
0.0297710408807076,-0.026096134276227,0.999216031146777
0.999610465248733,0.000965594273228382,-0.0278923895159934
-0.000344571848801034,0.999752130006167,0.0222611728885462
0.0279069710906326,-0.0222428904558791,0.99936302452548
0.999699337194025,0.00125672863880459,-0.0244878714255794
-0.000772210001038325,0.999803949905111,0.0197854857371157
0.0245079355626212,-0.0197606271982374,0.999504316502531
0.99967420160522,0.00208666093195325,-0.0254388775522963
-0.00162544944761705,0.999834182605069,0.0181373980643879
0.0254725059438388,-0.0180901393197476,0.99951182999519
0.999405030355787,0.00386237943679402,-0.0342734200895501
-0.00327945452802486,0.999849293715646,0.0170480214195882
0.0343341007971253,-0.0169254802416461,0.99926708023483
0.998934945287797,0.00542296905426739,-0.0458210267181185
-0.00479239863452356,0.999892457258679,0.013860260911241
0.0458912627653009,-0.0136259063491688,0.998853506114871
0.998311500009611,0.0071080959310257,-0.0576508796185858
-0.00648082334369875,0.999917831857925,0.0110602197687644
0.0577247596560532,-0.0106679194213743,0.998275536922482
0.998189645860294,0.00699315135770158,-0.0597371469973961
-0.00648381642347105,0.999940995257659,0.00871585496144498
0.0597945735153865,-0.00831275148254142,0.998176090247058
0.998256624081148,0.00699497168474169,-0.0586070204774036
-0.00659233050079014,0.999953342621522,0.00706071941183134
0.0586536755598274,-0.00666205307498536,0.99825616120921
0.998468195581336,0.00718689053105177,-0.0548599217739694
-0.00686306513802187,0.999957911019907,0.00608888541652797
0.0549013729287586,-0.00570305121834064,0.998475495171183
0.998645077537233,0.00744690765309265,-0.0515029385283964
-0.0071526731805784,0.99995704364726,0.00589492379965995
0.05154462510316,-0.00551855294785444,0.998655444683669
0.999036977587005,0.00627386109534752,-0.0434252930995147
-0.00612266787102723,0.999974726324292,0.00361381388530933
0.0434468681490802,-0.00334445505469104,0.999050141018169
0.999708524162183,0.00605141295705981,-0.0233719301448128
-0.00618608575476096,0.999964653796374,-0.0056941637606725
0.0233366462994498,0.0058370848136498,0.999710622820611
0.999976725858239,0.00625513482646476,-0.00272415677590385
-0.00628972876601641,0.999897252463409,-0.0128811423474518
0.00264330359340368,0.0128979767571553,0.999913323814462
0.999964568949304,0.00577498096576692,0.00612457679178516
-0.0056614025389888,0.999814628152821,-0.0184026588548312
-0.00622971647227824,0.0183673331346931,0.999811898161946
0.999918796140103,0.0041360191474791,0.0120538156340497
-0.00381566605309249,0.999642066615566,-0.0264797912592144
-0.0121590220946938,0.0264316476628298,0.999576673489097
0.999877012880025,0.00698275363808851,0.0140428012073524
-0.00645313408180749,0.999279063650923,-0.0374126985054185
-0.0142939208981185,0.0373174771463036,0.999201225842319
0.999875234632353,0.0097981012169902,0.0123900113574776
-0.00915465645539296,0.998658537397948,-0.0509638886602597
-0.0128727399601072,0.0508441038344982,0.998623637648933
0.999875927747981,0.0112364747225879,0.0110395084095051
-0.010469092288063,0.997679974457073,-0.0672686158174757
-0.0117697585692703,0.0671446960164671,0.99767382574671
0.999855346772157,0.0124844209418304,0.0115509638072544
-0.0114554468032198,0.996296170869783,-0.0852215503775181
-0.0125721227192513,0.0850769013537543,0.996295068032747
0.999835367257876,0.013547354461789,0.0120709389607595
-0.0122329171260207,0.994605578286791,-0.103005336654887
-0.0134012730326504,0.10284071580792,0.994607557307514
0.999813484467065,0.0142403111148642,0.0130464484507764
-0.0125779028389662,0.992733913363457,-0.119671106029192
-0.0146558056073495,0.119484688548067,0.992727866318142
0.999794009982109,0.0148710235248167,0.0138126848664466
-0.0128830545004393,0.990860284378922,-0.134275551561931
-0.0156832557408889,0.134069942566731,0.990847761257762
0.999763123587656,0.0151850549950634,0.0155920113856506
-0.012731304518242,0.989066765025118,-0.146917828080913
-0.0176524955606042,0.146684520067885,0.989025803997518
0.999712930958023,0.0165118704975732,0.0173612732249167
-0.0135667959046823,0.987370334506163,-0.157847282479203
-0.0197483600382294,0.157566432560555,0.987310904227205
0.99964214957134,0.0182081339801961,0.0195968532512419
-0.0146815938607724,0.985836895916688,-0.167063058307503
-0.0223612075277435,0.16671556168009,0.985751438188955
0.999557767378211,0.0197448757473997,0.0222353222509987
-0.0155627114363753,0.984509293228222,-0.174640354901196
-0.0253391335020383,0.174217081335291,0.984381194905906
0.999457179065975,0.0212543308092607,0.0251714249762579
-0.0164147429936139,0.983733271470847,-0.178883780186237
-0.0285640232799665,0.178373495853826,0.983548164835331
0.999342176292126,0.0228283020200391,0.0281794838596958
-0.0173272742731487,0.983151515904155,-0.181969399464923
-0.031858754683447,0.181361422034135,0.982900327778853
0.999225746462778,0.024229124744397,0.0309976953986016
-0.0180750673266228,0.982512829108105,-0.185315494708688
-0.0349456656402778,0.184611728100108,0.982190058135822
0.999135217604563,0.0254680869386532,0.0328662971745731
-0.0188777368833519,0.982144178217907,-0.18718024533277
-0.03704656519092,0.186397933841441,0.981775617066953
0.999030315050884,0.02578968690136,0.035683632926893
-0.0187097784752751,0.982342343730972,-0.186154408764733
-0.03985440751959,0.185306264769088,0.981872300474248
0.9989382189116,0.0252488460948192,0.0385347968542952
-0.0177448066186425,0.982777563189195,-0.183938530846516
-0.0425153694067057,0.183059435874767,0.982182104449793
0.998848385185033,0.0245195169441017,0.0412395041444522
-0.01660347722912,0.983091065813108,-0.182363046866273
-0.0450136419005892,0.181468315711796,0.982366032818506
0.998729712247524,0.0236000455749995,0.0445196554662795
-0.015234322669281,0.983611217212215,-0.179657698936377
-0.0480299623858537,0.178751255165282,0.982721278639091
0.998586044372096,0.0224119369411229,0.0482039113333982
-0.0136116712388462,0.984351939828063,-0.17568716789457
-0.051387103356548,0.174782618241278,0.983265173780373
0.998390961984406,0.0223502683794199,0.0521148014600404
-0.0131537760767621,0.985261029737346,-0.170551110977991
-0.0551585460538431,0.169591181328135,0.983969697710734
0.998159880965327,0.0236821360326173,0.0558212187632728
-0.0142007145266784,0.986275074730646,-0.164498682888317
-0.05895075689265,0.163403284538567,0.984796514445391
0.997911608283835,0.0248801376035557,0.0596104085307166
-0.0150006336247974,0.986875887600493,-0.160782348109469
-0.0628283617741653,0.159552377686978,0.98518812200067
0.997639444451302,0.0254315995690187,0.0637869314065047
-0.0151490686048392,0.987516605401209,-0.156784756201864
-0.0669779411097634,0.155448344475691,0.9855707826455
0.997336721571995,0.0259038174455535,0.0681795867233831
-0.0152340173764776,0.988171168574046,-0.152596416450646
-0.0713259315999241,0.151151360697657,0.985934012822689
0.997005240182605,0.0263013862821593,0.0727240546728705
-0.0152774276218566,0.988842397739932,-0.148180000800383
-0.0758099680364327,0.146625200806612,0.986282869786724
0.996642003540158,0.0261393775060215,0.0775980007671443
-0.0146582728493686,0.989323917468529,-0.144994211476861
-0.0805596165366587,0.143369868760213,0.986384929383629
0.996424540873315,0.0253789651215729,0.0805856220101494
-0.0138113789262001,0.989915950864689,-0.140981048498781
-0.0833509457508527,0.139363977960651,0.986727065347567
0.99637443166247,0.0240854156717991,0.0815958619122769
-0.0128881564336407,0.990752079218724,-0.135071140320636
-0.0840945144051187,0.133529810438312,0.987470456454914
0.996561220367229,0.0223379588769971,0.0797919147118802
-0.0120364703917084,0.99178811688484,-0.127324210527817
-0.0819808358135479,0.125925957606968,0.988646446289107
0.996698390109667,0.0211561814790769,0.0783883609856901
-0.0118305774054732,0.992993646705279,-0.117574040677375
-0.0803265621762292,0.116258477489499,0.989965458902871
0.996855815608056,0.019955554299138,0.0766828451546505
-0.011585389784968,0.99407404843224,-0.108085914794977
-0.0783853406698492,0.106857672097752,0.991179689199653
0.997013343304587,0.0185412228583055,0.0749707698208288
-0.0107829384619606,0.994664843334065,-0.102594238012406
-0.076473011649435,0.101479419047111,0.99189404978512
0.997229305173623,0.0171662598149881,0.0723811607180931
-0.0101649415021273,0.995328498869334,-0.0960096521334031
-0.0736911586772282,0.0950078884223992,0.9927452413738
0.996634360270514,0.0150305035663366,0.0805855811589489
-0.00779595035524374,0.995969895439861,-0.089348701924378
-0.0816037688237607,0.0884197451933396,0.992734996650014
0.99530675566307,0.0161772350160915,0.0954083811763315
-0.00857614372804939,0.996794198906296,-0.079547311617122
-0.0963893764385364,0.0783557406575282,0.992254738469815
0.995319580612843,0.016371567733428,0.0952412947130818
-0.0100318272184249,0.997724852445846,-0.0666669427420786
-0.0961160490830433,0.0653994692781653,0.993219318442206
0.995328524318974,0.0174332648917895,0.0949589908972682
-0.0127413765264263,0.998678244991253,-0.0497937777779775
-0.0957015464933905,0.0483512590984297,0.994235067648677
0.995481221106216,0.0169405410109516,0.0934353064699485
-0.0144694229172224,0.999529037564777,-0.0270617602027929
-0.0938497428090216,0.0255875191272459,0.995257506698439
0.995828326297897,0.0162766027278752,0.0897831651612258
-0.0162191474153696,0.999867523058101,-0.00136952209775742
-0.0897935621291834,-9.23974927306644e-05,0.995960394625638
0.996092548421095,0.0162460902188463,0.0868084070385404
-0.0182501847749957,0.999583777900165,0.0223428224383718
-0.086409291952002,-0.0238397884100342,0.995974446837326
0.996291862662802,0.0162676171242893,0.0844860285785893
-0.0202136468775259,0.998734008611297,0.0460628757582468
-0.0836297367674643,-0.0475998390365611,0.995359393612126
0.996348578177235,0.016948299237305,0.0836795430028438
-0.0227674439809717,0.997351022498502,0.0690838723275264
-0.0822870236354149,-0.0707367872761791,0.994095142663452
0.99616987437695,0.0184801092817971,0.0854638341331897
-0.0262109572624428,0.99557510280257,0.090239683061497
-0.0834180262485209,-0.0921341426431367,0.992246306446245
0.995880615125562,0.0186194521203475,0.0887418526957243
-0.0283791094228798,0.993524207024468,0.110019435577382
-0.086118677216361,-0.112084637926611,0.989959901902782
0.995532201858218,0.0185705456047227,0.0925784526726942
-0.0302849252009274,0.991467849196212,0.126784570495832
-0.0894341007049414,-0.129021854141774,0.987600578566516
0.995183192696281,0.0184272431209773,0.096285251652564
-0.0319142954465613,0.989569946464898,0.140473480769886
-0.0926924523409905,-0.142869723050121,0.985391471200454
0.994875894297487,0.0182769551492899,0.099437959835498
-0.0332766155596242,0.987919960584033,0.151349986245591
-0.0954705284507854,-0.153883411679474,0.983465949490481
0.994639339669838,0.018054487671972,0.101816597154156
-0.0343510903174665,0.986411979371204,0.16065929648478
-0.0975324898438994,-0.163295567692101,0.981744351140848
0.994359868572753,0.0179448224121666,0.10452958968911
-0.0355586528790295,0.984944953302583,0.169171573171148
-0.0999201379973358,-0.171934354660051,0.980027828028483
0.994007883245268,0.0174904104063048,0.10790001663615
-0.0365039662862747,0.983560242779898,0.176852224379901
-0.103032948572934,-0.179731283772657,0.978305104321653
0.993630783263773,0.0165097924062513,0.111468799694458
-0.0369375166549973,0.982274194809156,0.183774389062748
-0.106458848453205,-0.186721270793466,0.97662770829999
0.993296549853435,0.0154398318783843,0.114558175792168
-0.0370128908774185,0.981343967726844,0.188663888741409
-0.109508036043746,-0.191639319028486,0.975337050175036
0.993027201188124,0.0144911301558393,0.116991387919315
-0.0370484149582281,0.980495258992942,0.193019330745517
-0.111912432953466,-0.1960077912716,0.974195336219213
0.992777900562322,0.0138023765941734,0.119170191555694
-0.0372419507789929,0.979740217288816,0.19677942913079
-0.114039805582276,-0.199796398934558,0.973178463446217
0.992168857300391,0.0166490008159576,0.123789213484321
-0.0414628918451622,0.978778203913182,0.200683970820597
-0.117820996444068,-0.204245044777875,0.971803567847233
0.991599970388954,0.0160785093002849,0.128339316903694
-0.0422859308546661,0.978017460776475,0.204190466153763
-0.122235014526855,-0.207902207672303,0.97048197987835
0.991586914155958,0.0162633466873169,0.128416880623976
-0.0426614224608484,0.977707102849709,0.205593832764616
-0.12221045253284,-0.209342600995965,0.97017538656676
0.991756593296864,0.0165999080209605,0.127056297387792
-0.0427770756396748,0.977578153754358,0.206182140598884
-0.120784856053716,-0.209917594202859,0.970229674969884
0.992030492381212,0.0171001353255661,0.124832237654129
-0.0430152442193132,0.977187135920156,0.20797834059564
-0.118427999014771,-0.211690544814856,0.970135002092671
0.992284347451155,0.01756667499051,0.122732170734543
-0.043145515407693,0.976964113133064,0.20899661755715
-0.116233550679826,-0.212679415035642,0.970184120729904
0.992478748326148,0.018213406351388,0.121054557741715
-0.0434556924098365,0.976885924122174,0.209297620744118
-0.114444470893725,-0.212983950289795,0.970329995414349
0.992565609966444,0.0186882429633784,0.12026744982281
-0.0437246999890807,0.97692569852014,0.209055806381458
-0.113585476724823,-0.212760262139993,0.970479989660434
0.992461080639326,0.0186068144282613,0.121139547106028
-0.0437341508849804,0.977103799212741,0.208219810801945
-0.114491604332331,-0.211947993670288,0.970551245693162
0.99214434622711,0.0182256902096035,0.123763566795581
-0.0437567515437595,0.9773957275106,0.206840369701766
-0.117196172906449,-0.210630995013576,0.97051514207439
0.991553507452636,0.0176800421448425,0.128487579042228
-0.0441554584650747,0.977503140308744,0.206247196767091
-0.121950552873348,-0.21017855931636,0.970027337685688
0.990981097961231,0.0171605423974506,0.13289837947913
-0.0444692959489847,0.977677678025127,0.205350528631406
-0.12640785260954,-0.209408389698268,0.969623216060044
0.99042517258674,0.0166064987914129,0.137048172933522
-0.0446737396507425,0.977876296977483,0.204358030904645
-0.130622488462529,-0.208523792425461,0.969255174605924
0.990090222871821,0.0159687524898344,0.139521860357244
-0.0442190064474804,0.978426501948531,0.201807481906787
-0.133289272045524,-0.205977132780993,0.969436635747224
0.989676345026079,0.0152208091522255,0.142509856026076
-0.043684156321583,0.979065953219764,0.198800286046942
-0.136500646820053,-0.202973363313086,0.969623322328357
0.989305203796429,0.0145610380606745,0.145131629605338
-0.0432289789939942,0.979571537603893,0.196394648836169
-0.139307103610843,-0.200568140258968,0.969724678450856
0.988983044153733,0.0140122791749527,0.147364155779958
-0.0429043115969216,0.979911856471556,0.194761324684504
-0.141674833413739,-0.198938205427695,0.96971739800748
0.98870756604251,0.0136684441632776,0.149233114570633
-0.0427206948638702,0.980217828496479,0.193256179533788
-0.143639448205026,-0.197449189240683,0.969732708836591
0.988492132126323,0.0134062822617259,0.150677059701449
-0.0425577670339251,0.980480283268404,0.191956376781281
-0.145162464809059,-0.196159847363903,0.969767587153092
0.98636740420964,0.0103723540827797,0.164230807656536
-0.0420037660848089,0.980821566528486,0.19032797552462
-0.159106968883922,-0.194631623595419,0.967886100504177
0.983190634544676,0.00662419633794672,0.182461766314246
-0.0405040261316884,0.982354294781342,0.182590972919738
-0.178032581318032,-0.186912170677913,0.966109849055328
0.980554780099462,0.00436906662087012,0.196196927807136
-0.0387106410953719,0.984415170492553,0.171546665284126
-0.192389733328162,-0.175805811510828,0.965442130398782
0.979124844723766,0.00368816549060552,0.20322631689812
-0.0374719376967803,0.985973231217843,0.162642679537367
-0.199775855222571,-0.166862772232634,0.96552908962544
0.978707750809708,0.00381240908254357,0.205223302872722
-0.0357498812806492,0.987711849545957,0.152142197482894
-0.202121459754825,-0.156239456615452,0.966817535889315
0.978882553646337,0.0046351404939438,0.204370892348757
-0.0336353931612063,0.989769163812055,0.138656635952543
-0.201637314239495,-0.142602657196093,0.969023671365616
0.979611847141397,0.00594549431047821,0.200811553546164
-0.0311138111592521,0.991991651231114,0.122411170417225
-0.198475589671289,-0.126163445518789,0.971951760798581
0.980870156768513,0.00749696526726624,0.194518716509994
-0.0284276823565678,0.994062050885365,0.105035736134972
-0.192576225003888,-0.108556135254359,0.975258921036813
0.982656518344875,0.00907393720329863,0.185212933182212
-0.0255355520924433,0.99590813051515,0.0866887025693278
-0.183668458189374,-0.0899147331500787,0.978867324119509
0.984522193141496,0.0102949306869454,0.174957325122472
-0.0222625870512717,0.997532764653566,0.0665789806199999
-0.173840238235122,-0.0694434866979241,0.982322336977833
0.986192922831683,0.0106893967038913,0.165255123233164
-0.0183774052734114,0.998815084292547,0.0450632706878758
-0.16457761066475,-0.047478039005195,0.985220810722197
0.987616809030485,0.0109874671209142,0.156500204749738
-0.0147771674607652,0.999624579155375,0.0230724092863442
-0.156187943972253,-0.0250993289692555,0.987408400735488
0.988864492543553,0.0109033514739589,0.148418773452745
-0.0124806744127925,0.999875060673032,0.00970029949547969
-0.148294464336279,-0.0114446481263277,0.988877025659147
0.989800356594862,0.0103360683094083,0.142085959111335
-0.00980575180177708,0.999942100370153,-0.00443205809172191
-0.142123542442083,0.00299359303007229,0.989844400441041
0.99016981680938,0.00927349608755601,0.139562660299927
-0.00682071086635389,0.999813949352057,-0.0180428541068313
-0.139704014913518,0.0169135729920345,0.990048846908922
0.98939633818175,0.00786730469737172,0.145027554310701
-0.00350288770857375,0.999533967404698,-0.0303245409186105
-0.14519853914639,0.0294949745045164,0.988962805523409
0.988172405228626,0.00661553695257375,0.153204217355466
-0.000610869359015391,0.999230890757544,-0.0392078282299759
-0.1533457674124,0.0386505061637517,0.987416433927443
0.987184968764084,0.00571034451877483,0.159477990367735
0.00151650250254563,0.998978741774048,-0.0451572109822949
-0.159572985390429,0.0448203686845236,0.986168138242445
0.986415671964674,0.00498104993235908,0.164192908629006
0.00329165638777552,0.998740110467133,-0.0500735133810683
-0.164235462372493,0.0499337649859347,0.985156501279681
0.985890214716097,0.00445048334205048,0.167334030385542
0.00485462886798353,0.998465844816911,-0.0551578581219946
-0.167322793144274,0.0551919372016789,0.984356100688325
0.985457453653687,0.00373463036992616,0.169881310256285
0.00593986496692056,0.998390318815736,-0.0564046921735068
-0.169818506184005,0.0565934963667499,0.983848998132549
0.985171344825542,0.00299125283076998,0.171547293016051
0.00648390993465033,0.998484703985391,-0.0546466359364051
-0.171450809991064,0.0549485970131092,0.983659123599074
0.985101012790177,0.00222259654700034,0.171962364092721
0.00666211236019979,0.998672741336645,-0.0510722230772397
-0.171847638501867,0.0514569312701459,0.983778721748743
0.985065549942041,0.00149372952501323,0.172173258926848
0.00774070362325465,0.998567127386227,-0.0529506714880595
-0.172005650560679,0.0534926244983883,0.983642513975211
0.985107861886524,0.000702939270926311,0.171936053013153
0.0087103989986354,0.99850356565516,-0.0539885017685795
-0.171716712636379,0.0546821291676973,0.983627589767104
0.985173653478295,-4.73438841174e-05,0.1715601068162
0.00949511893083503,0.998482259468233,-0.0542496105396294
-0.171297154701176,0.0550742706331078,0.983678865029392
0.985221885989965,-0.000794129604848229,0.171281069370045
0.0101550960243433,0.998500984735977,-0.0537834315195769
-0.170981605417401,0.0547279895433348,0.98375308780681
