-1.45664730277772e-14,-2.7148422399037e-15,0.51262748
-0.00486731210120304,-0.011850892859277,0.498622481385527
-0.0048821772097407,-0.0118684061189858,0.498608666929694
-0.00490449218463715,-0.0118701409152185,0.498560594291722
-0.00493178509964962,-0.0118495436054719,0.498466676075357
-0.0049631873873644,-0.0118038883795911,0.498321689134942
-0.0049958258249187,-0.011719680113704,0.498137438863225
-0.00502992405237595,-0.0115806916804379,0.497949301257244
-0.00505637050549527,-0.011374883690583,0.497779441573933
-0.00508279103334757,-0.011098443593779,0.497628124317218
-0.00507144955566173,-0.0107367802154389,0.497483194300544
-0.0050543620514447,-0.0102853535869723,0.497388131412633
-0.00505739132624685,-0.0097609562931096,0.497392070656013
-0.00505761080623384,-0.0091731995997514,0.497421374974817
-0.00499401162786896,-0.00854059729202252,0.497449956210934
-0.00492659217549924,-0.0077017771173688,0.497509168382996
-0.00487428753859045,-0.00675817767271432,0.497619078274076
-0.00479142721007316,-0.00578361234891826,0.497762072237001
-0.00466552566443903,-0.00480121882587433,0.497922322972708
-0.00449583101893902,-0.00382627831416936,0.498086284154444
-0.0043119831958285,-0.00287091791279815,0.498243326945483
-0.00412154027774871,-0.00194685870712333,0.498393727337075
-0.00390810347116192,-0.00106626373589008,0.498534692484273
-0.00366516024288132,-0.000241423015898228,0.498665347315737
-0.00339013701590392,0.000524529204142341,0.49878567950575
-0.00308058120275891,0.00122669573133762,0.498895777700543
-0.00273724807446497,0.0018579831347516,0.498993196976665
-0.00235308981059154,0.00241196457365182,0.499076732206803
-0.00193077846513711,0.00288520000115699,0.499148618687541
-0.00147122463579629,0.00327693046989449,0.49920963193337
-0.000968246369393877,0.00358553379814178,0.499259442852515
-0.000420129062373554,0.00380949356440806,0.499297366566524
0.000144897159480047,0.00394160719479865,0.49932056240274
0.000596735351703896,0.00395942507455954,0.499310668402166
0.00115071557343745,0.00391919077122507,0.499298260777961
0.001782069412313,0.00379349932455134,0.499278589162772
0.00248356954841739,0.00357697237657895,0.499247899945093
0.00325499389842775,0.00326800601600216,0.499203789280877
0.00409634427966997,0.0028656655035382,0.499145015868984
0.00500962732716112,0.00236951119493263,0.49907445221816
0.00601723540970273,0.00177875690184089,0.498993880663583
0.00705123878888545,0.00111274010553508,0.498905886401638
0.0081839061289257,0.000337689721489468,0.498796507030851
0.00943231447045358,-0.00053934867342767,0.498663169755633
0.0107241915293134,-0.00151335998218638,0.498509741153787
0.0121124638708142,-0.00258286305350479,0.49833506624286
0.0135873387343721,-0.00374649837566956,0.498135036245998
0.0151299180440823,-0.00500225389763936,0.49791345058456
0.0167424857907191,-0.00634662348612392,0.497669620455199
0.0184266572050492,-0.00777452058738608,0.497403852054077
0.0201846049768145,-0.00928043653149415,0.497116950276526
0.0222537951500587,-0.00986187202264999,0.496933010908169
0.0247080219443441,-0.0102219175696526,0.497009082016714
0.0272000792860033,-0.010695949697333,0.497483236962316
0.0296462322516104,-0.0112906845161962,0.498098586055949
0.0319438932841832,-0.011928053312126,0.498641657191104
0.0340793848934295,-0.0125901292259198,0.499068092389621
0.0360431678996864,-0.0132505835573273,0.499370586840724
0.0376106659480132,-0.0138875572267569,0.499546313774862
0.039100387751022,-0.0144553206897894,0.499536546031793
0.0406021157504085,-0.0148893338322824,0.49932742169336
0.0418888910342029,-0.0159150005906286,0.499015146864844
0.0429331752893776,-0.0171227323097282,0.498678417186646
0.0437307875083381,-0.0183244542273951,0.498434745202954
0.0442965616834362,-0.019479948860111,0.49842264512498
0.0446421601658039,-0.0205763114133784,0.498578372848612
0.0451539369644575,-0.0216082361064633,0.498776006367263
0.0461406646159964,-0.0225656305884859,0.498993677349956
0.0471220390431616,-0.0234625826991339,0.499189284708195
0.0480809918043999,-0.024280850901997,0.499359544287728
0.0490155482194879,-0.0250165756103188,0.499507762648484
0.0499301295651481,-0.0256688759650934,0.499637199730954
0.0508305702501302,-0.0262382111512348,0.499750331141515
0.0516778509097023,-0.026725872605588,0.499849921186366
0.0524947881179384,-0.0271370576383265,0.499939400391238
0.0532987321664025,-0.0274729924380833,0.500018469240565
0.0540967753745183,-0.0277331354442782,0.500086316687047
0.054886458606359,-0.027916194446811,0.500143623047645
0.0556484745607188,-0.0280211937698466,0.50019349310653
0.056405363221539,-0.0280575347647758,0.5002376769947
0.0570054180191242,-0.028022539841612,0.500257985535042
0.0576797306682859,-0.0279283133271111,0.500280175094992
0.0584166561934127,-0.0277674349271328,0.500300097710126
0.0592925566042063,-0.0275365482668637,0.50031008484637
0.0602350791672418,-0.0272304035552619,0.50030795029784
0.061221306982662,-0.0268516015309333,0.500303248923873
0.062277929203294,-0.0263995408108573,0.50029604496595
0.0633882666117736,-0.0258723954383663,0.500279117041678
0.064491526597346,-0.0252993479003084,0.500260243635867
0.0656191325864754,-0.0246707202272068,0.500236931281537
0.0668376708470446,-0.0239741877170883,0.500203591792625
0.0681506655765345,-0.0231713192226998,0.500153130570352
0.0695385099854861,-0.0222493445971747,0.500084063862552
0.0709930277743233,-0.0212270190211821,0.499998741337435
0.0725358094427752,-0.0200627585860653,0.499894981380013
0.0741522711017363,-0.0187922916413665,0.499765285560219
0.0758328237085215,-0.0174355551640791,0.499615307984569
0.077567364784148,-0.0159764163397404,0.499444687544511
0.0793453987883583,-0.0144199369882194,0.499254168986724
0.0811599062665389,-0.0127947568959402,0.49904621772387
0.0829769389482074,-0.0111434968150681,0.498956038377475
0.0853965488308213,-0.0103459287918743,0.499142314369679
0.0882480897020822,-0.00971001014543376,0.499441741204531
0.091089706243661,-0.00900655234707254,0.499717095539889
0.093555384497696,-0.00825295915350124,0.499882877527164
0.0956475757558725,-0.00747144224790018,0.499925191336817
0.0976451876956049,-0.00669007992957618,0.499810074913666
0.0994341579261498,-0.00564561800197166,0.499556753407188
0.101074948637515,-0.00456835015520906,0.499183414694333
0.102433202994622,-0.00350175525521175,0.498680297969266
0.103511901362029,-0.00274649332196512,0.498105108097406
0.104494220691119,-0.00155983731301787,0.497588502771342
0.10519857907363,-0.000328725584855106,0.497169863909765
0.105732846534236,0.000879374175803031,0.497228109467562
0.106035543949114,0.00205646874909598,0.497426611284262
0.106127253258567,0.00320651414796808,0.497595498716959
0.106002817202533,0.0042891143065878,0.49772247894911
0.105813615095052,0.00529105392309036,0.49781015330758
0.105607714704303,0.00621668808622906,0.497872060251827
0.105267269564091,0.00706268773294889,0.497900225855981
0.104980335119026,0.00782798977229416,0.497979990064664
0.105439059138311,0.00852116150580412,0.498130508922691
0.106027135486692,0.00913934582764246,0.498292076510195
0.106843669591185,0.00967359578179836,0.498438049219063
0.107701908827108,0.0101196360185006,0.498564964407743
0.108555828428009,0.0104874322486668,0.498676621716554
0.10940568104794,0.0107787106811477,0.498774208871308
0.110254425235098,0.0109935109356733,0.498858861676431
0.111107736808143,0.0111294051823921,0.498931859198702
0.111937992180269,0.0111903025075717,0.498995236847203
0.112766190075191,0.011184053920184,0.499068009751942
0.113609543009157,0.0111129988460903,0.499132014073084
0.114482516379341,0.0109780748347691,0.499188032541403
0.115433134236335,0.0107743024268894,0.499236056036571
0.116419856323678,0.0105020962031348,0.499275543403928
0.117442057548432,0.0101607662657917,0.499306601558788
0.11848680273904,0.00976312464224962,0.49932911362342
0.119574314390564,0.00928540112381575,0.499343332774184
0.120718551801867,0.00872621427727603,0.499345675972619
0.121908220294407,0.00808994371180654,0.49933934503488
0.123171659151974,0.00736549430358372,0.499321562014891
0.124526998519451,0.00654121178764145,0.499288832971058
0.125943537397046,0.00562950707695541,0.499241562370026
0.127418803261834,0.00463025097397933,0.49917921804054
0.128954400137375,0.00354090105126812,0.499100588519008
0.130513586530783,0.00235748331443444,0.499001761869358
0.132156065403025,0.00107907441959582,0.498886432574051
0.133847317974925,-0.00029615862991768,0.498749132130235
0.135571004596751,-0.00176015380686182,0.498590439116467
0.137314991369122,-0.00329969580908839,0.498412422778847
0.139025688797379,-0.00488955075156223,0.498257782028172
0.141424919166813,-0.00560351261807712,0.498257966329033
0.144292081006407,-0.00615790483682975,0.498466668039845
0.147188478370292,-0.00681668563472404,0.498726447520912
0.149883235891293,-0.00760165116356801,0.498991773953848
0.152283902179272,-0.00849204232341446,0.499213975267172
0.154525472359114,-0.00946731350105786,0.499357003826281
0.156588732956343,-0.0105015354896554,0.499356509397743
0.158365720681793,-0.0115624587143417,0.499174349298702
0.159814691556189,-0.0126552204742299,0.499054462690832
0.160900023889477,-0.0138909844900307,0.499229589670869
0.161855036494607,-0.0151414577619201,0.499416453754858
0.162460628408814,-0.0163801406633405,0.499584505560698
0.162658555583385,-0.0175896050446683,0.499734932998842
0.162948447484087,-0.0187353350110179,0.499881941442444
0.163773221110459,-0.0198459161576966,0.500108479577439
0.164530267608606,-0.0209050997418735,0.500325110696598
0.165207949732314,-0.0218965016297549,0.500518096032616
0.165887901077335,-0.0228113901345548,0.50068704250355
0.166631910593312,-0.0236351506317975,0.500832240482934
0.16731259795642,-0.0243720278321397,0.500953263862287
0.167931037173454,-0.0250253778243834,0.501054666054102
0.168490409705094,-0.0255957281452552,0.501138081777943
0.169130814185249,-0.026083845271446,0.501225648064488
0.16997326751767,-0.0264934166749666,0.501336045526081
0.170827429054416,-0.0268272540970002,0.501437784167404
0.171676202886308,-0.0270847253196136,0.501527526691508
0.172521007428304,-0.0272655422981373,0.501605963290723
0.173367510318106,-0.0273723457093972,0.501675234570149
0.174250286936968,-0.0274083138991914,0.501767263364438
0.175205904878332,-0.0273747404844767,0.501854253953666
0.176180109931541,-0.0272724893005335,0.50193365469964
0.17718889116277,-0.027101057150483,0.502006431303144
0.178217391075911,-0.0268600840193213,0.502072510261235
0.179289331226557,-0.0265473445514426,0.502129948195806
0.180375548580052,-0.0261676845437487,0.502184478296194
0.181466747576028,-0.0257431082051544,0.502240959360877
0.18261089369518,-0.0252571572380651,0.502287174317529
0.183795739484515,-0.0247066510596404,0.502331630818174
0.185016437377903,-0.0240888750810176,0.502368476955672
0.186292034636019,-0.0234067228573086,0.502402771772363
0.187663902591872,-0.022623186518658,0.502427524651777
0.189107051772181,-0.0216828165011287,0.502434976879871
0.19063385583706,-0.0205851990340943,0.502424787129844
0.192233968497234,-0.0193227398575596,0.502393969064149
0.193811315790029,-0.0180371730964781,0.502356814628069
0.195404340728289,-0.0166981208717154,0.502308193630686
0.197024856149934,-0.0152713374571636,0.502244305894123
0.198676625666501,-0.0137509933240449,0.502162801536075
0.200454633763784,-0.0121492103137596,0.502058688847643
0.20227141342327,-0.0104866812613311,0.501932921343883
0.204949495433375,-0.00964464971331921,0.501906933194123
0.208006172553248,-0.00892609492236867,0.501891825795924
0.2109771000457,-0.00807955709566829,0.501869436124087
0.213718846820971,-0.00707333921709653,0.501844203245504
0.216110257126245,-0.00598574255150083,0.501737846133936
0.218098896241386,-0.0048690447819252,0.501491379064121
0.219925015105701,-0.00367931689828131,0.501029406631818
0.22156629138679,-0.00250328559529645,0.500410594992649
0.223118227088839,-0.00136608006687934,0.499681248342411
0.224280037934128,-0.000296604341245472,0.498857929877533
0.225308815224237,0.000768806029377126,0.497932214030642
0.225967982660649,0.00201290499509945,0.497590012536796
0.226551600550302,0.00283584468900234,0.497121628427056
0.22799545026517,0.00287275422971785,0.49693645940111
0.229600946025606,0.00259766523969871,0.496808234850464
0.231360683859599,0.00340969336914551,0.496863927497312
0.233482402898564,0.00418539204948718,0.497067288332135
0.235609665748684,0.00484519077605063,0.497269318482301
0.237690927276796,0.00539949330589065,0.497458065561081
0.239880495040669,0.00584400962175346,0.497674954028649
0.242066279686583,0.00618152790992702,0.497858061078553
0.244254041364194,0.00641355439891757,0.498011073126497
0.246453730867836,0.0065430267807533,0.498142613517924
0.248670969696813,0.00657288295985507,0.498252941151791
0.250911456047284,0.00650556340282716,0.498341102513129
0.253078040343683,0.00634116160254159,0.498398031160821
0.255295486108782,0.00607786274950531,0.498444380895308
0.257530602268354,0.00571914398557624,0.498477758396132
0.259004732451388,0.00526572721654627,0.498394282399132
0.260429107428225,0.00472088387584475,0.498312598062309
0.261836606738376,0.00408980884429005,0.498270119593381
0.263393832463157,0.00337015297263191,0.498265979806185
0.26508131763817,0.00256072511616849,0.498290972622514
0.266804605528012,0.00166094046989192,0.498308795718249
0.268550038394344,0.000669716809244568,0.498302604883247
0.270325724961218,-0.000414865170434903,0.498271036878287
0.272138702203993,-0.00159447907552767,0.49821447001212
0.273995392908761,-0.0028709060949809,0.498132934934008
0.275902220716578,-0.00424630965525764,0.498025908524467
0.277865019262286,-0.00572263295237882,0.49790161188936
0.279888815157789,-0.00730163597824015,0.497751691619835
0.281971139401803,-0.00898564037144484,0.49757244960743
0.284123059654143,-0.0107776702130949,0.497361390710817
0.28634846192885,-0.0126814908863359,0.497115658598532
0.288649522183452,-0.0147021651785909,0.496831448328992
0.290977857126619,-0.0168406294835226,0.496547446647527
0.293151081672858,-0.0190577962109987,0.496332871966328
0.295261183260868,-0.021351818856666,0.496065620150081
0.297338194225694,-0.0236693757708227,0.496026925650658
0.299245729472055,-0.0259826878001893,0.496193923067184
0.301377332752397,-0.0273382776888967,0.497001757713987
0.303197086764777,-0.0286611377964851,0.498011968470809
0.305047057732668,-0.0300404513151801,0.498771139482514
0.30692205378767,-0.0312088424980925,0.499278047813732
0.30983371915547,-0.0319904969999046,0.499999169482182
0.312807699056382,-0.0327382816524088,0.500617304267679
0.315872430194007,-0.0334399348215627,0.501109465862117
0.318856731497962,-0.0340875777044152,0.501501830946441
0.321765452580662,-0.0354721180605057,0.501864863700003
0.324582158047485,-0.0370264185397926,0.502155393723686
0.327314831395367,-0.0386962467324878,0.502365837980095
0.329956886078752,-0.0403289766739818,0.502523750507404
0.332512230269208,-0.0418975268386403,0.502618154496583
0.334939478644097,-0.0433802411115543,0.50282227930525
0.337184536530066,-0.0447827925213913,0.50315013207843
0.339271431042488,-0.0453635207735933,0.50351138673636
0.341222909994626,-0.0457909170786806,0.503825005899104
0.343023399310796,-0.0461105198116768,0.504066539587561
0.344363099109471,-0.0463321291859238,0.504216674844651
0.345445763749971,-0.0464535719650556,0.504280413147247
0.346398731559049,-0.0464754438868482,0.504292807818105
0.347239447647277,-0.0465934234774363,0.504251845388828
0.347969278300259,-0.0466250381169958,0.504173133493043
0.348603265648634,-0.0465675834221051,0.50406085596451
0.349142621412395,-0.0464282429382496,0.50391705124181
0.34987358574035,-0.0464656768628398,0.503840822933791
0.350655805558894,-0.046576636721352,0.503778956484775
0.351442593632703,-0.0466187013603365,0.503709991723421
0.35227081955615,-0.0465816941356632,0.503627899724734
0.353122069344991,-0.0464637515487374,0.503531669803348
0.354022876370224,-0.0461170795019364,0.50350514738886
0.354960084942706,-0.0457423268268717,0.503498008593457
0.355945203159635,-0.0453411290384003,0.50348920576766
0.356979908557054,-0.0449120502578537,0.503476045759801
0.358034656648013,-0.0444493520863789,0.503461370333682
0.359096049124109,-0.0439528080045196,0.503446180859895
0.360182222880386,-0.043427749346163,0.503423400495533
0.361316022572236,-0.0428474541863682,0.503392780946321
0.36250355457613,-0.0422021566872566,0.503356294084657
0.363740150820478,-0.0415275044077057,0.50331599026882
0.365015931676959,-0.0405198566465617,0.503258153646116
0.366363035290784,-0.03890716294859,0.503168628947015
0.367782125814056,-0.0371830713439522,0.503061962258022
0.369279779955447,-0.0353560109015434,0.502937538786715
0.370853601449374,-0.0334155489756968,0.502792504426409
0.372498362683524,-0.0313501753362553,0.502623078185779
0.374205765467981,-0.0293978457230507,0.502430482658825
0.375973548935242,-0.0276127449870159,0.502221020700935
0.377790773242852,-0.025910137829309,0.502021884061312
0.379646880243813,-0.0242180983010879,0.50182392579478
0.382271238974001,-0.0233954600977178,0.501607584861608
0.385372810350257,-0.0226865842084922,0.501392960924616
0.388492988907844,-0.0218290884339576,0.501176167518339
0.391624260408153,-0.0208589104013713,0.500962866347008
0.394423634886528,-0.0197702876223805,0.500723571739138
0.397138205445789,-0.0186030303138278,0.500390104766135
0.399600174257751,-0.0173632803139533,0.500104420250026
0.401729658225477,-0.0160824541057672,0.499765729793805
0.403884494904089,-0.0147760421108544,0.499271330166184
0.405495601777612,-0.0134792766597907,0.498754723527746
0.406797485926769,-0.0122049544670086,0.498280002647139
0.407838964077622,-0.0109613063767837,0.497798968373471
0.408693712407313,-0.00976526926986391,0.497290888157699
0.409384314882398,-0.00862108841727024,0.496840412777343
0.40990243462808,-0.00753225711498878,0.496526877935177
0.410247329161181,-0.00650491424212627,0.496434126359963
0.410381692615438,-0.00553872712213628,0.496572143929289
0.410355484600389,-0.004635700746144,0.496706621585036
0.410204945010145,-0.00380844309644873,0.49680971139891
0.410057042497736,-0.00306149879925255,0.496889231503056
0.409899409282773,-0.00239582151888393,0.496951982185023
0.409673886627982,-0.00181176368136661,0.496983569462444
0.410130791025165,-0.00130870240862622,0.497122429789255
0.410795701710277,-0.000878727535558255,0.497262164659671
0.411608197462444,-0.00052717645566819,0.497381158631451
0.412455458350328,-0.000257205604090123,0.497479425235605
0.413326989545546,-6.53820037020258e-05,0.497562472504551
0.414224644854768,5.19901084075364e-05,0.497632805356619
0.415133057641913,9.6993898745977e-05,0.497692203746464
0.416027885871526,7.3377215095944e-05,0.497744670285994
0.416930630510205,-1.48472758721273e-05,0.49779043381327
0.417845024437971,-0.000167471404385437,0.49782915577752
0.418774439901996,-0.000385203134658247,0.497860342061475
0.419722019798419,-0.00066923949907848,0.497883563537581
0.420706934196711,-0.00102152526819585,0.497899229161481
0.421747356920904,-0.00144357538763329,0.497904560351007
0.422859323107493,-0.00194113240244664,0.497884683895434
0.423991952070674,-0.00251407961726952,0.49785384764267
0.425182604552121,-0.00316735884622763,0.497808585746081
0.426451183389992,-0.00391290962080397,0.497745006910993
0.427797887448913,-0.00475331302274408,0.497659517139951
0.429186205022478,-0.00568152452375371,0.497558567242372
0.430662262557633,-0.00669984110642148,0.497430243265781
0.432187431750585,-0.00781324474423222,0.497280174589565
0.433775411637474,-0.00902950920465935,0.497104793348411
0.435426344175454,-0.0103554038424885,0.496901315597689
0.437113944269421,-0.0117791776835139,0.496707250962055
0.43872039075672,-0.0132757867015651,0.496659730329245
0.439791909913116,-0.0148261521757373,0.496793185157538
0.442280788251113,-0.0156651404835864,0.497138800163875
0.444903531598338,-0.0163799486114932,0.497688841098004
0.447640156741482,-0.01706187928226,0.498217245031179
0.450503409848009,-0.0177468965874041,0.498666840511654
0.453338240322474,-0.01844800554439,0.499047599169144
0.455917971516371,-0.0191429012106491,0.499347296170246
0.458252698256161,-0.0198166529478502,0.499591013678415
0.460314699641103,-0.0204593666548552,0.499775929101256
0.462042084006447,-0.0210285414726674,0.49993743587521
0.463438144284772,-0.0214609936060944,0.500120663157445
0.464518924120638,-0.0220601832213678,0.50025301595449
0.465509479692634,-0.0232560079362923,0.500438081579579
0.466436936274777,-0.0245122716465282,0.500634849730046
0.467405627154828,-0.0257251017848609,0.500809761097066
0.468467009125679,-0.0268754774053288,0.500997247517566
0.46945122262677,-0.0279494025353274,0.501172724711287
0.470380047649992,-0.0289527093177312,0.501333250667981
0.471289255966389,-0.029874450270261,0.501476008079784
0.472208894784493,-0.0307130328838361,0.501624358579463
0.473104016026028,-0.0314668660600456,0.501758362174372
0.473992262135255,-0.0321362010730006,0.501878527366562
0.474914823963249,-0.0327154207240244,0.50198424127
0.475828246341108,-0.0332081830838414,0.502077961001012
0.476732024543866,-0.0336193330843176,0.502161383461415
0.477629045433527,-0.033952240301612,0.502235293376952
0.478526892375689,-0.0342074020064768,0.502300095602567
0.479420413387777,-0.0343822381476497,0.502356351900444
0.480287672215099,-0.0344793240836753,0.502405881571708
0.481137861415704,-0.0345074772586808,0.502450348395411
0.481947628037822,-0.0344680364442113,0.502485556212351
0.482768768088936,-0.0343668611700239,0.502519742622688
0.483594361743971,-0.0342064507212885,0.502549238373997
0.48445363292206,-0.0339875852287028,0.502574331306407
0.485402526422483,-0.0337095663737935,0.502593756247708
0.486291111939898,-0.033480199509446,0.502615480031679
0.487095430149504,-0.0334063171268454,0.502652844275064
0.487935841674023,-0.0333429480866279,0.502693555579224
0.488814626463252,-0.0332622567418127,0.502734896200926
0.489768379833381,-0.0331732008453399,0.502776389667766
0.490963945775606,-0.0330346778088505,0.502814532416534
0.492295072341436,-0.032795633381532,0.502840760464274
0.493703904457328,-0.0324592752515965,0.502840135274867
0.495190750061097,-0.0320222411553342,0.50283362586457
0.496740989994996,-0.0313280594103485,0.502815839338421
0.498368752171938,-0.0301385066164935,0.502753790291136
0.500056116855732,-0.0287346737747969,0.502654021963606
0.501829795229031,-0.0271779927572481,0.502528356992338
0.503655329276177,-0.0254779570075222,0.50237996491929
0.505515967515396,-0.0236161326333588,0.502207416880142
0.50740040649891,-0.0215737257097147,0.502007127714264
0.509916589591614,-0.0194435090612335,0.501739067102555
0.513003373433039,-0.0171662417194236,0.501444061621477
0.516051323175426,-0.0151494819824419,0.501198323192982
0.518740688774796,-0.0139791667128901,0.500958163035102
0.521177920897105,-0.0129053618784053,0.500701936787088
0.523084213706473,-0.0118123047732104,0.500375869108371
0.5248384799037,-0.0107020720798079,0.499991534603131
0.526473628962284,-0.00963370092127268,0.499532226522689
0.528048794342607,-0.0086879056362776,0.498924333808432
0.529409640356389,-0.00780471275422917,0.498228406305772
0.530438177071538,-0.00690293076100499,0.49748710906414
0.531289437595755,-0.00635916588240624,0.497006210378906
0.531871897387929,-0.00606540254820388,0.496975132324687
0.532214037016288,-0.00501855201128636,0.497124229469422
0.532330335424574,-0.00390053631013459,0.497281229856805
0.532224198634348,-0.0027951569839903,0.497406581191026
0.531929726549923,-0.00178011344930071,0.497496020996627
0.531565706858489,-0.000845148022021908,0.497557935084508
0.53120138519473,9.70492209271395e-06,0.497592135554568
0.531605403100161,0.000788440238726569,0.497747277891337
0.532321135731599,0.00148866662148361,0.497911557390948
0.533005220732927,0.00210598110123561,0.498053397395383
0.53385086189677,0.00264268098881721,0.498201074056658
0.534722900428124,0.00310110721096629,0.498336530459552
0.535590300933214,0.00348320868877527,0.498455919955115
0.536455060752164,0.00378915318352993,0.498559346614186
0.537320147533877,0.00401873853936069,0.49864783525864
0.538191634205975,0.00417464796909903,0.498723515071188
0.539074636015059,0.00425946074882618,0.498787301443117
0.539927619342461,0.00427426090156939,0.49884030605722
0.540785627306555,0.00422387706473218,0.498904035710879
0.541665579575468,0.00410957234595175,0.498957371610427
0.54254430359596,0.00392905330024428,0.499000622279167
0.543530511938381,0.00367730978553495,0.499034944942674
0.54456778133921,0.00335357687671252,0.499059560522063
0.545646979272098,0.00295916973889631,0.499073514164025
0.546751184612861,0.00250909265757368,0.499077392211951
0.547900850416486,0.00197620046799347,0.499070830450932
0.549112789983941,0.00135947634403415,0.499049528816098
0.550390243027039,0.000658286102892721,0.499016101653217
0.55175384766072,-0.000138609515951068,0.49896627448472
0.553190688634342,-0.00102789648280316,0.498900121726455
0.55468831026879,-0.00200477317267336,0.498816666769143
0.55624174210575,-0.00307104617720837,0.49871481003079
0.557828388608602,-0.00423046289945983,0.498590458790392
0.559461842755513,-0.0054845051197538,0.498446988684766
0.561175802539964,-0.00683326853987799,0.498281136622601
0.562915141654589,-0.0082700386846716,0.498110898409203
0.564622485179184,-0.00977232340195473,0.497990872576006
0.566305836106696,-0.0113279260158024,0.49785354604037
0.568693876732806,-0.0119819501147325,0.497878468674989
0.571203441959779,-0.0125183430646618,0.498064945731075
0.57372483282794,-0.013138890644684,0.498291846621914
0.576150106800273,-0.0138115414642924,0.498854853807625
0.578487745194942,-0.0144524124542967,0.499587321183225
0.580739573587073,-0.0150713604129437,0.500126228851561
0.582816025040938,-0.0156393823880447,0.500472882271911
0.584589704620649,-0.0161289493180682,0.500632846604254
0.586052055953007,-0.0166402526173508,0.500646625410836
0.587192040951648,-0.017251700055374,0.500568464086169
0.588420052462678,-0.0177192418973777,0.500413542046272
0.590156028079563,-0.0180629808542126,0.500325724568284
0.592175117577184,-0.0182689920009651,0.500247227810582
0.594570679345079,-0.0183267624860108,0.500211292539203
0.596953802225867,-0.0182299197472976,0.500136549860138
0.599306511164388,-0.0179580146783896,0.500039271904287
0.601664134271405,-0.017566699479091,0.49999010150998
0.603975143259346,-0.0172578253671506,0.499974339218107
0.606247089742891,-0.0170623857065307,0.499916246788266
0.608482227836053,-0.0169800077874696,0.499818039202117
0.610676846065569,-0.0170125621396973,0.499677585048268
0.612829457619875,-0.017162306233117,0.499506457414029
0.614902891362588,-0.0170038742088899,0.49936321069476
0.616883331580475,-0.0161378356400942,0.499277912381605
0.618830130021581,-0.0151746345774324,0.499248947946519
0.620747575405809,-0.0142104518114184,0.499266809660945
0.622632349775431,-0.0131945473293925,0.499305626484877
0.624263707442829,-0.0121322284515211,0.499327650238799
0.625618131395446,-0.0110278246146773,0.499317292230692
0.626799213366258,-0.00988039516453654,0.499265462004263
0.627961250544883,-0.00869275908852717,0.499236761249885
0.629123789118973,-0.00746593531011242,0.499195131874387
0.630298011118271,-0.00620054303227837,0.499126103412699
0.631493237324152,-0.00489630205711562,0.499027673110122
0.632699764377137,-0.00355336930955235,0.498899843300168
0.633924510067284,-0.00190586928091341,0.498800082869482
0.635176728879207,-5.11024372478412e-05,0.498685151270613
0.636464317950377,0.00201592083275242,0.498531961478905
0.637791827474584,0.00430876651084183,0.498332243550054
0.639164172677444,0.00683517761586323,0.498082891116736
0.640582679367302,0.00960769585087169,0.497777714791399
0.642066839688016,0.0116822338717354,0.49758776274193
0.643603500951352,0.0138291401849331,0.497406072474426
0.645210995912691,0.0160941633886549,0.49719344680813
0.646893543326743,0.0184805502345492,0.496943879642672
0.648510687276356,0.0209489659521157,0.496788693032119
0.649969731639697,0.0234847745623847,0.496707402502583
0.651375130457392,0.0261782564817608,0.496847893923723
0.652712880666032,0.028974347774446,0.497220216853932
0.653900173288227,0.031756329182559,0.497630761036379
0.655351843880498,0.0340625443374671,0.498435147250546
0.656582418486853,0.0361811889301061,0.499319538201519
0.657791256176476,0.0381071041421128,0.500008374125652
0.658790776030908,0.0397311351827676,0.500535178326774
0.660027995951596,0.0412592790545672,0.500977218202086
0.661653947186942,0.0426579441863306,0.501404629548869
0.663790379390276,0.0439391774942488,0.50179259395301
0.666242936506885,0.0451419402824655,0.5022171120589
0.668669491492016,0.0467154123383069,0.502641793473565
0.670925562817069,0.0483868090507442,0.502986366987308
0.673081906995527,0.0501742086615267,0.50328656563821
0.674845401376725,0.0520858375131111,0.503538887944435
0.676069470351519,0.0541268208259041,0.503632309956122
0.67736014909627,0.0563141461279277,0.503662535126105
0.678498922736841,0.0573302052609697,0.503897676810229
0.679537442960421,0.05812158899971,0.504062890730278
0.680495436717714,0.0587244156060509,0.504112919259862
0.681406258184115,0.0593496305944914,0.504231330060195
0.682269030718572,0.060078349323663,0.504327354113001
0.683062859314143,0.060684245828007,0.504406473571216
0.683888041007042,0.0612394867019313,0.504467611518973
0.684817703692135,0.0618110680083278,0.504510328499227
0.685747560638435,0.0622940594700766,0.504536377297591
0.686672155591305,0.0626881243262611,0.504547493914337
0.687595242509686,0.0629942999961106,0.504544351335079
0.68847739071658,0.0632018150590825,0.504528764762933
0.689332186241578,0.0633220546888372,0.504501754275268
0.690169688449635,0.0633609586248486,0.504463647953901
0.691036956717374,0.0632471394038631,0.504446536772915
0.691940059040296,0.0630263714680081,0.50447437548587
0.692877030572774,0.0627808545312598,0.504501333574883
0.693851294332665,0.0625089060968056,0.504524594268504
0.694866604429415,0.0622101067950675,0.504544155574915
0.695926240676385,0.0618836498475818,0.504560108570241
0.697009600220268,0.0615246705597201,0.504572777945515
0.698092115599484,0.0611154790457135,0.504581085265068
0.699215255609245,0.0605987801841114,0.504590099782627
0.700405041047852,0.0600012162112874,0.504592291747145
0.701627540779851,0.0593576537959071,0.504588675175979
0.702908241909861,0.0585856668929223,0.50458063492907
0.704274163724932,0.0570618656799838,0.504543312424976
0.705704442027287,0.055376475505633,0.504484851954574
0.707200526430233,0.0535700660678049,0.504409944781013
0.708766343990206,0.0516351436906182,0.504316891721687
0.71040427190157,0.0495614444778231,0.504202271086692
0.7121112588777,0.0473370427632643,0.504062134668454
0.713865978306353,0.0456436343190539,0.50390297512509
0.715657763998313,0.0439774749810215,0.503746419811429
0.717467785570636,0.0422350055563774,0.50357044988906
0.71927137051484,0.0405247605410004,0.503396908571968
0.72169921688471,0.0397397396349495,0.503212690136933
0.724627583512149,0.0390781000441498,0.503044728602143
0.727725350176255,0.0382447181476831,0.502854656790882
0.730862477793205,0.0372352780715895,0.502629557740875
0.733989889503173,0.0360829658791553,0.502384598304392
0.737002146902662,0.0348614288448131,0.502051805697593
0.740174411643318,0.0336112023041601,0.501490391811957
0.74313005046645,0.032321729637154,0.500667660654982
0.745598975090021,0.0310208715852998,0.499789533684254
0.747649598907578,0.0297338208778424,0.498999534936423
0.749498906409219,0.0284116867144065,0.498271083749592
0.750915494827558,0.0271263084405472,0.497565428854818
0.752029916990487,0.0258998489634565,0.496893789325656
0.752912776445866,0.024753688902395,0.496281970363602
0.7535508616841,0.0236818888689141,0.496368878146039
0.753993522479529,0.0226444715346229,0.496467507735635
0.754252423215219,0.0216622703057841,0.496552110637646
0.754451794862807,0.0207500664946603,0.496661336492677
0.754513479842448,0.0199035312997476,0.496759975024721
0.754300377756435,0.0191313554529208,0.496834810325539
0.753999591496161,0.0184370547357155,0.496884882494752
0.753907423251232,0.0178283214998413,0.496942007960816
0.75450980346054,0.0173115713694094,0.497102225595576
0.75527172427705,0.0168685521009295,0.497251843146198
0.756166310466196,0.0165117211193381,0.497377272236895
0.757080623831529,0.0162344290031684,0.497483551861171
0.758007212022057,0.0160344644012672,0.497573383485962
0.758950253918674,0.0159093103061006,0.49764926833291
0.759902627899069,0.0158559520700195,0.497713150972106
0.760835850479417,0.0158723023217954,0.497768274582836
0.761767800200221,0.0159537208805663,0.497815100758992
0.762703784024161,0.0160995576139642,0.497853309932171
0.763647421484108,0.0163105661349581,0.497882556342172
0.764602023605228,0.0165880266241939,0.49790250138077
0.765570167008407,0.0169334947083046,0.497912618870332
0.76655412272717,0.0173487708716038,0.497912295767546
0.7675892511029,0.0178360456748624,0.497899905354232
0.76872769758453,0.0184028008743991,0.497870380915336
0.769902451669844,0.0190061480506835,0.497817731931335
0.771147293648911,0.0197491713947656,0.497738202328345
0.772441609639978,0.0205854532299261,0.497637823640531
0.773787470015413,0.0215102350381325,0.497530060205401
0.775244980883273,0.0225237956834247,0.49741652913889
0.77678291619088,0.0236294635647281,0.497281234283804
0.778391416114923,0.0248380569045182,0.497120930612532
0.780049042215911,0.0261505369220946,0.496959590700499
0.781711382390711,0.0275465822549864,0.49687495854402
0.783332735322904,0.0290079927452278,0.496905030393777
0.785079059350762,0.0305257285827434,0.497057193074228
0.786824659952205,0.0320514320484691,0.497333651338937
0.788798727843848,0.0332997031773729,0.497823281923618
0.790675593928525,0.0340135804303923,0.498380042305214
0.792404651360056,0.0343726989516141,0.498877083600446
0.794003952013014,0.0347354103130709,0.499238227838607
0.795404085996508,0.0351294844108963,0.499473793003508
0.796572068483298,0.0355106509543136,0.499553872032431
0.797533221169587,0.0356565036180226,0.49952338858748
0.798228703185732,0.0354441599328536,0.499395637271658
0.798698231122304,0.0351399837525448,0.499134938902221
0.798905075032907,0.0347596573398058,0.498825211040181
0.800060816268822,0.0344023421938137,0.498798803309639
0.801025675891329,0.0343293403833123,0.498830824882392
0.802372112309031,0.0346395852109496,0.498906200773662
0.803751158535292,0.0349820611220542,0.498981259440974
0.805034829353128,0.0353426817203243,0.499046049946604
0.806227379451637,0.0357250124964956,0.499112297306827
0.807375420449945,0.0361307391554531,0.499138775411134
0.808450003608817,0.0365645854777512,0.499161483050717
0.809456623429626,0.0370305977352154,0.499172665967094
0.810326223917219,0.0375250480180994,0.499163035418132
0.811114639492913,0.0371451362383527,0.499171749860736
0.811826421177331,0.036602943191164,0.49914195950673
0.81250436099699,0.0358364359435535,0.499112597139998
0.813156541087728,0.0348860760439907,0.499068952611066
0.813791254331022,0.0337620335984077,0.499008433638164
0.814412733322654,0.0325055847774463,0.498926719665713
0.815028109649312,0.0311256804992768,0.498822046138438
0.815643350091004,0.029623430173168,0.498695877015235
0.816250462210413,0.0279993038126812,0.498549168493639
0.816839983216305,0.026244106687655,0.498378712648112
0.817439075201821,0.0243612952711915,0.498271622928514
0.818055156748572,0.02259287396077,0.49827023075578
0.818704899463863,0.0210066048971829,0.498307755076801
0.819402656646389,0.0193167332022974,0.498329473860168
0.820146513953186,0.0175214971128555,0.49832788245242
0.820944560421462,0.0156241933133956,0.498301921257335
0.821811185905424,0.0136261446556479,0.498249978124167
0.822752125385322,0.0115285088249466,0.498171309048368
0.823772574596969,0.00933111587663999,0.498072172236282
0.824865822843027,0.00703351549769732,0.497954000285824
0.826056536704744,0.0046347236016319,0.497798420322016
0.827335731042272,0.00213218322308635,0.497607876426723
0.82871453996433,-0.000480404295234282,0.497393873325856
0.830213576860074,-0.0032129275047902,0.497165334541498
0.831812719680052,-0.00607113957314078,0.496893820038571
0.833481452757846,-0.00905892580764695,0.496604063457018
0.83503567113876,-0.0121364336784087,0.496451304599546
0.836512140480744,-0.0152808740849572,0.496478976344031
0.837849037031929,-0.0184313893432022,0.496710266761002
0.839225716670688,-0.0211800949644451,0.498314648663393
0.84045726797836,-0.023805355558378,0.499789783158809
0.842290674781642,-0.0263518554255599,0.501009910761923
0.844788847240836,-0.0288288078623939,0.502174562278113
0.847350642233489,-0.0312624714254692,0.503217428774632
0.849785554954982,-0.0336448326333617,0.504102053942515
0.852112234571082,-0.0359801610450608,0.504848303949715
0.854111339379239,-0.0382931023240677,0.505447277848404
0.855976999035979,-0.0405821322189714,0.505925929340151
0.857729998570676,-0.0425339058779515,0.506322758161243
0.859383880606481,-0.0443441711622619,0.506655877638056
0.86095159923151,-0.0460460646735826,0.506936187061128
0.862446087901657,-0.0476750222129324,0.507298738459543
0.863866128884397,-0.0491793072412074,0.50762937194146
0.865209962292433,-0.050581057553992,0.507922180171762
0.866483808934359,-0.0521085444633123,0.508171144022662
0.867680966627449,-0.0534862232108362,0.508331910200263
0.868803961619998,-0.0545472745720832,0.508444364260848
0.869881472436022,-0.0554329971435279,0.508533512659611
0.870911206426447,-0.0562086273027435,0.508607870065726
0.871904343214382,-0.0568877833242665,0.508669268832088
0.872851221985079,-0.0574731388525884,0.508719321791736
0.873764502489975,-0.0579658238943304,0.508758905908484
0.874658741942624,-0.058367648538697,0.508789416664581
0.875541436118409,-0.0586818859006148,0.508810891346142
0.876426833423148,-0.0589084193597396,0.508823899013525
0.877284119260858,-0.0590460729114426,0.508828901200573
0.878032485841726,-0.0590988455630795,0.508830946731353
0.878767760218988,-0.0590787326474436,0.5088315312981
0.879618121070902,-0.058974171634555,0.508822784938072
0.880468870754316,-0.0587924110914847,0.508808789288447
0.881294048323555,-0.0585238666035954,0.508855323370436
0.882187726971113,-0.0582584023668295,0.508913137875104
0.883158722752847,-0.057937542488112,0.508968818683247
0.884174369036013,-0.0575474926369333,0.509023023394997
0.885226655769333,-0.0570841911690265,0.50907653637613
0.886314405542935,-0.0565452659490953,0.509129731443977
0.887434658766026,-0.0559305649781559,0.509182857189596
0.888595864175434,-0.0552442595050744,0.509236553541661
0.88985066884941,-0.0544641080808503,0.509289290682182
0.891191273903257,-0.0535850424241311,0.509337374423825
0.892586782543168,-0.0526148661027868,0.509381159097028
0.89405802079115,-0.0515512339694153,0.509421182489745
0.895590471185716,-0.0503857258908188,0.509455036226437
0.897169587185142,-0.0486394423618678,0.509476313885456
0.898849396889386,-0.0467562837413149,0.509483594439166
0.900589481664393,-0.0447909430437171,0.509475784923345
0.902363256622196,-0.0427608875183653,0.509454338740493
0.904161233968133,-0.0406813564213764,0.509419866056132
0.905976544601922,-0.0385662400283358,0.509372066920086
0.908439995049326,-0.0364823419646487,0.509265456426506
0.911506703815687,-0.0347738048921752,0.509154462148997
0.914540679642594,-0.0336911414794875,0.509046931842821
0.917402539147656,-0.0326415362633986,0.508865457858165
0.920226699645091,-0.0314910133258693,0.508547164385782
0.923006545328427,-0.0302717698400048,0.508065971831889
0.925230884216472,-0.0289865655458733,0.507375496835084
0.926808020145098,-0.0273549626230264,0.506440197105894
0.928054628063681,-0.0257817686957175,0.505246204824355
0.92894326696269,-0.0242231380449165,0.503817005021131
0.929316628942364,-0.0227149925249551,0.502222354417543
0.929237471402396,-0.0212523856624741,0.500418155414791
0.928836018320151,-0.0198407092810406,0.49832361932199
0.928292892876989,-0.0185347972954296,0.496143251485566
0.927823934973863,-0.017347607944169,0.495057808536737
0.927864874781954,-0.0163071522731228,0.494960372607623
0.929160471629801,-0.0153788675684174,0.495061107438252
0.930941869287756,-0.0145700369840564,0.495283338126305
0.932764546173687,-0.0138820330756239,0.495493918413956
0.934566853581288,-0.0133147623461325,0.495668741526039
0.936346461156741,-0.012869659134361,0.495850334814991
0.938159420847061,-0.0125436413450508,0.496011146299466
0.939987011890245,-0.0123353714984009,0.496140455672097
0.941814583537439,-0.0122437587726814,0.496235710910655
0.94366113841214,-0.0122663864281134,0.496305672411627
0.945531070513762,-0.0124024819987177,0.496347928406633
0.947428179743361,-0.0126520647811332,0.496361450406504
0.949307883294808,-0.0130146784253593,0.496345591623257
0.951159332026325,-0.0134739231828245,0.496308495048079
0.953040332694291,-0.0140380986226481,0.496249331796555
0.954893338665455,-0.0147070268960024,0.496165488181266
0.955943826136514,-0.0154874387263345,0.496015055517321
0.95705257428673,-0.016374167732945,0.495881425652929
0.958334970362825,-0.0173689583883728,0.495776717484194
0.959728108778759,-0.0184744774003037,0.495676254164494
0.961164506159246,-0.0196587929499559,0.495583084703611
0.962650909241536,-0.0208626817724459,0.49550931149108
0.964187168619245,-0.0221172798157914,0.495396638592039
0.965778933342158,-0.0234260584958712,0.495240185759713
0.967402463919658,-0.0247921037076321,0.495040519088391
0.969072194813184,-0.0262181395636708,0.494795921903653
0.970805053430111,-0.027707243297978,0.49450500284161
0.972612083754372,-0.0292625383426016,0.494166389175331
0.974331672685675,-0.0309330427957189,0.49395181404982
0.975939928072847,-0.0327027345976077,0.493861726082078
0.977510982500229,-0.0344403797696919,0.494206380895894
0.978495859232793,-0.035997831215318,0.495497740924141
0.978861172784583,-0.037583363429006,0.496895148228256
0.979463590111324,-0.0387646453588112,0.497900327763532
0.979966216913772,-0.0398463304235563,0.498534952449362
0.980524939022154,-0.0407499098363887,0.499863067869613
0.981397385588909,-0.0416032221413087,0.501125389948505
0.983873123044793,-0.0424429137935284,0.502318315890123
0.986705055036058,-0.0432565070032532,0.503215379509542
0.989484212622254,-0.0440454041275458,0.503887128711879
0.992068633104564,-0.0448170808384075,0.504372991668992
0.994540274936353,-0.0453282440211691,0.504713335455484
0.996928132020675,-0.0457153885702879,0.504941307674907
0.999229913928178,-0.0461421888545467,0.505175808369375
1.00144654080869,-0.0465572415144931,0.505356911658538
1.00358133364105,-0.0469133901957852,0.505484257238386
1.00563855625993,-0.0471988491564784,0.505565017294328
1.0076233684708,-0.0474031921159403,0.505607541024342
1.00954244354745,-0.0476320371474418,0.505609677817626
1.01133991467177,-0.0479033078116304,0.505621489506547
1.01300449579201,-0.0480710259223279,0.505640843167582
1.01453864761928,-0.0481314413758496,0.505624821594673
1.01593443899286,-0.0480825725014394,0.505575848948835
1.0171096015148,-0.0479214092819817,0.505476342884461
1.01791523748782,-0.0476533925239938,0.505344144584006
1.01862277089308,-0.0472746234271069,0.505209558986821
1.01929832089641,-0.046791212314022,0.505071933476664
1.01992267928721,-0.0462127821836519,0.504935510061614
1.02051750915255,-0.0455440542062234,0.504798985088889
1.02109164888154,-0.0447923279601619,0.504657047050858
1.02163465181088,-0.0439597247093225,0.504507635914021
1.02214684869659,-0.0430420602758069,0.504349150080369
1.02265917671494,-0.0419750911062814,0.50420913055979
1.02316454513054,-0.0408165185796991,0.504100288451331
1.02368160798348,-0.0395896633684294,0.503976633511818
1.02421588277158,-0.0382016636455299,0.503838932965473
1.02475442399365,-0.0366871778483451,0.503685206996735
1.02531720717649,-0.0350481558109635,0.503515593031267
1.02590657997647,-0.0332855090449518,0.503329125854338
1.02650743266171,-0.0313932816126112,0.50312494807045
1.02714028187093,-0.029378243137185,0.502902574646654
1.02780779391284,-0.0272310909666955,0.502660705454519
1.02851261159887,-0.0249979367528732,0.502401587805511
1.02924996686692,-0.0225957218532464,0.502124699994847
1.03001719398377,-0.0200886581673523,0.501827199590605
1.03083597120651,-0.0174690134510589,0.501506265582783
1.03175051647703,-0.014686927429,0.501158840392268
1.03269364759174,-0.011769328457229,0.500780438936584
1.03369297924896,-0.00870262268092496,0.500363605737014
1.03477073125447,-0.00547144074324321,0.499929721788908
1.03591390940537,-0.00206101995930572,0.499474741713318
1.03711202912144,0.00154544725633734,0.498995158179342
1.03835168651837,0.00536464910647857,0.498486592688468
1.03961773461791,0.00942647735704584,0.498082539380816
1.0408854184768,0.0136741671583299,0.49787559897301
1.04282506685672,0.0179030819115221,0.497971678882919
1.04490318794857,0.0215191901159661,0.498210773393754
1.04674535499238,0.0245142034674396,0.498525637129913
1.04846335868342,0.0274650179930894,0.498851207612941
1.0499647312806,0.0304641640209434,0.499141733017309
1.05124148753952,0.0335080976595652,0.499325197220968
1.05227159231958,0.0364751672197174,0.49978438643144
1.05299134813712,0.0388392680594344,0.500202547247159
1.05338596046447,0.0409427955575077,0.500537838138086
1.0535211859112,0.0428566520314932,0.500775929626567
1.05470169715367,0.0446355398908436,0.501039172444422
1.05596411167682,0.0466480222465535,0.501524452640291
1.05727787911306,0.0491726284501113,0.50200317377999
1.05885886923536,0.0517724963818828,0.502483258512439
1.06039012599374,0.054450588610235,0.50289548065813
1.06187458339212,0.0572395351292285,0.50322143102096
1.06332624087776,0.0601576848344376,0.503470891885459
1.06473344528813,0.0626156023109837,0.503756407992466
1.06610102038104,0.0643117031306735,0.504111263179838
1.06683469456545,0.065807500242864,0.504303509641532
1.06760777357057,0.0671545376460477,0.504471344080196
1.06848434252703,0.0679953304732534,0.504680171655286
1.06946592061888,0.0686529999571447,0.504881248878218
1.07050539108259,0.0692165872167963,0.505065318158034
1.071524801364,0.0697958047629256,0.505222609185998
1.0724933098406,0.0702547986038899,0.50533411198977
1.07344340413048,0.070511197140325,0.505416151404604
1.07438610915107,0.0706574545927912,0.50548248378518
1.07532131953354,0.0707182997622804,0.505536689750617
1.07626301728881,0.0706992935382376,0.505579538188845
1.07722075827901,0.0705974797976788,0.505610897170263
1.07806939919032,0.0704430371095709,0.505629538103812
1.07864713233656,0.0702516845794731,0.505633170657757
1.0792821375761,0.0699818527890361,0.505643581266631
1.08030049731119,0.0695797054144743,0.505657361021823
1.08146698305154,0.0690863845818315,0.505656613904389
1.08267298272701,0.0685078772666583,0.505640416820634
1.08392038259839,0.0678420596864201,0.505609397697812
1.08520679119149,0.0670866296106998,0.505564010453944
1.08654632862396,0.0661670444985008,0.505572999755777
1.08794246421666,0.0651828766125065,0.505585334303144
1.08938851931852,0.0641255657448511,0.50558981012472
1.09088667566299,0.0629900507323828,0.505585130056961
1.09243911520809,0.0617695049664328,0.505570065720499
1.09404818433052,0.0604565336539571,0.505542853958928
1.0957362965902,0.0590456307660307,0.505501292182599
1.09746642338985,0.057492024108741,0.50543980491238
1.09923927393058,0.0557730852179111,0.505362962934482
1.10103792362207,0.0538847600559503,0.50526543159136
1.10283627030208,0.0518179620071492,0.505144638140953
1.10550080730887,0.0496921625493093,0.504989590412342
1.1086500968679,0.0473871464842222,0.504801825931061
1.11181267803188,0.0460463918819806,0.50459071194193
1.11491002991801,0.0449214210766155,0.504423302185191
1.11796794181624,0.043694096868988,0.504252623827869
1.12096687773746,0.0424225837242959,0.50397277302913
1.1239769622664,0.0410993039136924,0.503447427904452
1.12694678554412,0.0397261904147336,0.502657547969372
1.12978738795557,0.0380421497784644,0.501549671545375
1.13212009896783,0.0365094537383388,0.50029181547352
1.13402284308265,0.0350734408801998,0.498958357354594
1.13583468932537,0.0337082601217631,0.497804342798995
1.13740535970555,0.0324059659503974,0.496803065995139
1.13864276767475,0.031184830792819,0.496311953567812
1.13960128263673,0.0300673692381146,0.496317568469345
1.1404605682496,0.0290488765713884,0.496304816287455
1.14127650674421,0.0281361156825333,0.496271815168481
1.14239573873507,0.027332983408848,0.496262783512282
1.14399656248043,0.0266428780460905,0.496361810516829
1.14579929803128,0.026070879147925,0.496536372608063
1.14758559834716,0.0256113820796201,0.496695435034378
1.14934791397039,0.0252632914094986,0.496829615889378
1.1510921882615,0.0250250732035409,0.496939668564452
1.1528241436076,0.0248946175244527,0.497027363452807
1.15448885173705,0.0248693477293631,0.497095824679045
1.15612986155257,0.0249492778383585,0.497144087135153
1.15775661862253,0.0251351723968636,0.497171257762715
1.1593800522804,0.0254245051688847,0.497182000431163
1.16100072960195,0.0258140432048473,0.497175336959968
1.1626174016799,0.0262952367191998,0.497153732979649
1.16422704408046,0.0268695168701712,0.49711619581685
1.16584188096703,0.0275367430731073,0.497061991353286
1.16747186162505,0.0282972562447144,0.496991311160755
1.16911339724283,0.0291520976318927,0.496903946457148
1.17074077310915,0.0301023042378835,0.496799416864196
1.17240239070238,0.0311054150360317,0.496708569315654
1.17404643941905,0.0320928704625697,0.49674258161177
1.17566210539185,0.0330997541317922,0.496726806418262
1.17725031591008,0.0341371254526237,0.496671101434614
1.17881322612778,0.0352072806026953,0.496571177900258
1.18035528636488,0.0363378394716574,0.496421355813019
1.18188230095872,0.0375081657271116,0.496219372552922
1.18339856702603,0.0387243492876612,0.495959884589035
1.18494987524247,0.0398887927240068,0.495681333466135
1.18633472833179,0.041051095549236,0.495590470984133
1.18771745157874,0.0422725741351477,0.495742649197059
1.18901856554714,0.0435015850030662,0.496133658632233
1.19032294563957,0.0447242202007377,0.496617573764519
1.1915633539022,0.0459749958360101,0.49714327741439
1.1926487970599,0.0472820779359881,0.497599681341059
1.19371734735813,0.0485138468056529,0.498386037330695
1.19468804291951,0.0493477529780318,0.499056501926409
1.19575645078232,0.0499595348939159,0.499584461201591
1.19694370457446,0.0503286018650246,0.500000053938372
1.19832179632971,0.0506160842941642,0.50029707598737
1.2000644709052,0.0507540792566719,0.500556137604936
1.20179165621497,0.0512363408365058,0.500721948565553
1.20377015801909,0.0516451624139901,0.500868756969831
1.20569056252512,0.0519952572081757,0.500997562905849
1.20752896421628,0.0523894759925202,0.501141637924271
1.20924299937616,0.0528625528451212,0.501331457127472
1.21083898415923,0.0534144284674626,0.501457057000217
1.2123246215257,0.0540482760051534,0.501515680235139
1.21371613076892,0.0547687669755442,0.501511984648181
1.2150238562771,0.0555821717544256,0.501447810064756
1.21625344180132,0.0560264973559979,0.50139220225935
1.21741173957508,0.0557973579920612,0.501358792500428
1.21847290563281,0.0553998864454836,0.501235355696405
1.21939589903883,0.0548268350761767,0.501140486013164
1.22019906700411,0.0543111653103899,0.501068879083478
1.22094477788084,0.0537371866661556,0.501020395174318
1.22162571350601,0.0530894680470413,0.50098530511456
1.22224954124852,0.0523628275782658,0.50094794817828
1.22283359308799,0.0515617288860609,0.500904330893128
1.22338248938967,0.0506884075771916,0.500846576480903
1.2238912906365,0.0497343105531958,0.50076435545611
1.22435228463631,0.0487088699678106,0.500653698018958
1.22479585295464,0.0476140657684573,0.500519445807022
1.22519557190061,0.0463624336640096,0.500374791577754
1.22558356865993,0.0448946853718451,0.500240545994991
1.22595776709824,0.043263013859168,0.50009769297068
1.22632352900161,0.0414606282572065,0.499939442166596
1.22668582372947,0.0394805015820062,0.499758894959496
1.22706662491993,0.0373161777968987,0.499551520523904
1.22746324440459,0.0349552878760681,0.499307456549733
1.22787519439796,0.032388702901235,0.499026533348106
1.22832783427243,0.0299471640256914,0.498714363508697
1.22880475601683,0.0277341682223569,0.498403132708894
1.22931484696709,0.0253932669139371,0.498235320106031
1.22988900071579,0.0229322890120254,0.498198767639545
1.23053203604149,0.0203506437537058,0.498135284714362
1.23125373974541,0.0176511594404506,0.498041286101538
1.23206151361842,0.0148339486925266,0.497914032966451
1.23296559314725,0.0118978632910135,0.497752283768584
1.23396853694508,0.00883811394752883,0.497559296300158
1.2350676218228,0.0056503973776188,0.497330814917844
1.23626755794113,0.00235674556669964,0.497163673668359
1.23740297777741,-0.00101306554647807,0.497017082737986
1.23848354753762,-0.00445406994741373,0.496852550706253
1.24038536610131,-0.00724507809572692,0.496959459957262
1.24247722514693,-0.00994339556296098,0.497880644358759
1.24416758006751,-0.0123994786336762,0.499234832051386
1.24555911716058,-0.0145911764984105,0.500371953910349
1.24733847637593,-0.0167297147425872,0.501365071334014
1.24961696294479,-0.0187851270583688,0.502374597081725
1.25206559496468,-0.0208596529813277,0.503268506455387
1.2541953209199,-0.0231373310262182,0.504014846383969
1.25620320732143,-0.0256285321201238,0.504620641212786
1.25808726924169,-0.0282245758648379,0.505206651702298
1.25987632886201,-0.0310586989715979,0.505695955836555
1.26158363153282,-0.0341406655364369,0.506060794065695
1.26321915801927,-0.0373649214858979,0.50632890023195
1.2647904596009,-0.0400006470044461,0.506672488276547
1.26630130616252,-0.0419367596356806,0.507075554115267
1.26772442187546,-0.0435321322372552,0.507359978628391
1.26892165886336,-0.0446874594310372,0.507539052180952
1.26996930799197,-0.0457652141863107,0.507768605172013
1.27095328745976,-0.0470983836571621,0.507954439373649
1.27186830731377,-0.0480618038185499,0.508081072940409
1.27267206295998,-0.0488125181900932,0.508180411154526
1.27343275597444,-0.049435754568687,0.508264227338393
1.27422935827275,-0.0499641955573772,0.508333449512561
1.27502324854724,-0.0504032992894508,0.508390749047474
1.27582454824274,-0.0507550382608666,0.508438533761145
1.27668314468204,-0.0510149088438321,0.508477142223651
1.27755546861147,-0.0511863688699502,0.508506524857805
1.2783143909409,-0.0512681391503912,0.508528103466976
1.27896456685327,-0.0512778820178828,0.508549408778684
1.2796451759185,-0.0512290155862395,0.508568691084875
1.28040964711033,-0.0510997622852898,0.508585185126726
1.28131507737962,-0.0508735593060491,0.50858861738051
1.28228114134177,-0.0505691738365632,0.508583201445658
1.28328402109101,-0.0501381431689993,0.508597101732698
1.28432249679844,-0.0497067399078002,0.508651087446071
1.28539972796088,-0.04924556969101,0.508710046095594
1.28652121463042,-0.0487165415177558,0.508769114598786
1.28769077904751,-0.048110707290365,0.508826894119428
1.28891607010074,-0.0474253829187257,0.50888353504083
1.29020320888727,-0.0466540006213864,0.508938451565055
1.29156053078915,-0.0457907982253404,0.508989556833155
1.29298417916067,-0.0448369928828007,0.509035835651918
1.29448053289779,-0.0437872850539343,0.509078476005228
1.29604867792653,-0.0426368526455784,0.509116594054337
1.29770243303809,-0.0413665014156024,0.509143746364232
1.2994225122112,-0.0399697030789526,0.509159551719668
1.30120145498098,-0.0384531525449787,0.509163573137358
1.30301367516683,-0.0366293668736064,0.509151322948802
1.3048326316025,-0.0344410909384914,0.509117858153014
1.30665489326222,-0.0322004204212019,0.509068085953192
1.30911681293309,-0.0299886047258334,0.508959694241192
1.31219565750553,-0.027754285401511,0.508866330012362
1.31526202028234,-0.0258711894005709,0.508736010381381
1.31819993443721,-0.0246975391326196,0.508539536842929
1.32103997242665,-0.0235409068803242,0.508228679541417
1.32385130453128,-0.022300074041846,0.507745178205726
1.32657893609517,-0.0210079919593362,0.507050744790251
1.3291113581729,-0.0196510070398633,0.506154200048809
1.33128232696606,-0.0182352035032909,0.505105474978516
1.33319914607198,-0.0166119013851618,0.50383990465069
1.33449244914671,-0.0150979607345629,0.502273660498595
1.33493443986801,-0.013646247732492,0.500448178162313
1.3349041623682,-0.0122426131931565,0.498336598015352
1.33449369895702,-0.0108934093974631,0.496226631101452
1.33414413474854,-0.00975130476936491,0.495930202293542
1.33393935127887,-0.00872577934415703,0.495709016050017
1.33433596167466,-0.00782156129610392,0.495649400813081
1.33531259528994,-0.00704119359464174,0.495762048739977
1.33673048237226,-0.00638088364929184,0.495996294680257
1.33818975935085,-0.00583949486126937,0.496252864163034
1.33963446299162,-0.00541382702958995,0.49648215817046
1.34106681497542,-0.00510192910728043,0.496680180943358
1.34247729780891,-0.00480016218749002,0.496868457650765
1.34368562956488,-0.00439156412147448,0.497060896148824
1.34484944822966,-0.00403043787484639,0.497235490035838
1.34599363733794,-0.00374117760755301,0.497380038724719
1.34710352926531,-0.00352743300086544,0.497502802888992
1.34819440397113,-0.00338666838122272,0.497603347663136
1.3491650433461,-0.00331532978257983,0.497683652843136
1.35009720752271,-0.00330873245253674,0.497745748915867
1.35105887488954,-0.00337050840875174,0.497806776979908
1.35201268731109,-0.0034968986592605,0.497854537318563
1.35295417577077,-0.00368761129873484,0.497889715894541
1.35389379851797,-0.00394393355853581,0.49791215083453
1.35483561677147,-0.00426748065113222,0.497921301257468
1.35578358653235,-0.00465984786617154,0.49791671679183
1.35680343258258,-0.00512142584387682,0.497898291415045
1.35796006433681,-0.00566139466332002,0.497864212485665
1.35916380891268,-0.00627930044756913,0.497812618745719
1.36042061906684,-0.0069786431348025,0.497744919979096
1.36176360744749,-0.00777116667258187,0.497656897624379
1.36318946169394,-0.00865995276642889,0.497546783033821
1.36467325769923,-0.00963656624908305,0.497415067648329
1.36621310298458,-0.0107018966844587,0.497260860204947
1.36779241064918,-0.0118574106282897,0.497102001018964
1.36937541376505,-0.013094003059689,0.497018382905117
1.37097928514591,-0.0144142977327477,0.496921430620918
1.37260452599996,-0.0158173178812628,0.496776620862506
1.37423311950771,-0.0172916233996318,0.496591476481222
1.37509825939188,-0.0187504221370952,0.497254211637896
1.37619018030003,-0.0194026541193477,0.498450824966189
1.37715308999905,-0.0197700199252259,0.499715491806228
1.37814223352756,-0.0199332746901988,0.500609708590338
1.37998883275907,-0.0200494029570933,0.501243164347584
1.38216226420045,-0.0201834544248106,0.501721734543543
1.38441547192189,-0.0203138652107642,0.502083080617525
1.38688941291505,-0.0205071774243067,0.502409214880559
1.38930170094357,-0.0206722876934173,0.502630041614103
1.39165743248116,-0.0207756084149352,0.502747909177238
1.39395670406163,-0.0207915824329638,0.502786582833711
1.39621298760795,-0.0207532657485876,0.502916771744024
1.39844304997616,-0.0209188131271156,0.503028862840584
1.40063386895799,-0.020719106492648,0.503122764165479
1.40277814797263,-0.0204109795672575,0.503183821543726
1.40488199956998,-0.0204114040566131,0.503187127137007
1.4069478259383,-0.0203542992753525,0.503155667539573
1.4089366807849,-0.0201937425056501,0.503092898516606
1.4108934313864,-0.0199284937394864,0.503000323887135
1.41281748143686,-0.0195585366761748,0.502879095133145
1.41468787752141,-0.0190862246905525,0.502738245182132
1.41636323074372,-0.0185126953288556,0.502582173031492
1.41783456691213,-0.0178438071094797,0.502416499071965
1.41910655214086,-0.0170837437214853,0.50224175003698
1.42014061400583,-0.0162421683301812,0.50205923719608
1.42114088992206,-0.0153235593836428,0.501862824844166
1.42213033741933,-0.0143303446519334,0.501647212364338
1.4231104855602,-0.0132650368378493,0.501413299763991
1.42408864618467,-0.0119492147686087,0.50122634936492
1.42506475822289,-0.0105262511843646,0.501041175912996
1.42604865113639,-0.00899352938399443,0.500838009581439
1.42702507010211,-0.00734430616588298,0.500613332140761
1.42800664082339,-0.00557296547315574,0.500368204905007
1.42899714470896,-0.00366917324431078,0.500100895103614
1.43000912496328,-0.00162576506748393,0.499812302936602
1.43102893293947,0.00056720302316385,0.499514802875347
1.43206875183841,0.00291987318380168,0.499222049042881
1.43313686889556,0.00545095907974035,0.499042706418565
1.43424584937711,0.00817156096861863,0.498967924787622
1.43539791900323,0.0110831758615298,0.49885187945057
1.43661214234119,0.0135810697148534,0.498773100997702
1.43787542684123,0.0161568363729288,0.49868704123842
1.43921608927554,0.0188380593918093,0.498568872725861
1.44063366835607,0.0216328181820733,0.498415529533509
1.44213640125347,0.0245499613409448,0.498224547793148
1.44372771771514,0.0275874547127614,0.497992202957215
1.44540074461629,0.0307590964270635,0.497739293446558
1.44712064344006,0.034079340095992,0.497556235575315
1.44881154965044,0.0374853753223132,0.49737127910421
1.45042761170598,0.0409095557579305,0.497274984127514
1.45187420222916,0.0443193507537363,0.497409304157592
1.45337670401229,0.0473796375111695,0.498211052959316
1.45483375659025,0.0503215018578031,0.499340508823674
1.45631058608342,0.0528989324402656,0.500209707730675
1.45745142764731,0.0551264631588664,0.500892284915162
1.45832760801446,0.0572726868979446,0.501359964831892
1.45949280202186,0.0593107209978194,0.501769877807043
1.46103562726022,0.0612197969731291,0.50218444033966
1.46298427229037,0.06308556466308,0.502594337081518
1.46533101440843,0.0648178095675959,0.503067547260698
1.46772964359594,0.0665897366808177,0.503600745819632
1.469950479935,0.0685134088550411,0.504050536115048
1.47209651559113,0.0705617157019626,0.504410583701072
1.47416108742387,0.072767172119996,0.504681377132988
1.47587455850464,0.0751412519733248,0.504826956099054
1.47715653498976,0.0767885587180766,0.505042799418902
1.47851216276681,0.0785057271013194,0.505256427161965
1.4799062870385,0.0799891728558169,0.505467830807755
1.48125960237482,0.0810766786519677,0.505615704980715
1.48247463209268,0.0819731909598456,0.505727745449258
1.48360291826905,0.0827536739765056,0.505819195556255
1.48467876843229,0.08343839538506,0.505893431367825
1.48571451117952,0.0840297018208202,0.505951983141672
1.48671832837764,0.0845290397889504,0.505996258726038
1.48769993626171,0.0849378936967038,0.506026979876339
1.48865496358395,0.0852594182309012,0.506045230495569
1.48958920694081,0.0854940386205124,0.506051473095001
1.49050234951909,0.085639130390194,0.506046837767638
1.49137810268049,0.0856960688238659,0.506033835465313
1.49222428959351,0.0856740739174151,0.506011735883548
1.49307475641931,0.0855755417927358,0.505979844402481
1.49394304706485,0.0853526645336887,0.505971977801845
1.49475853422773,0.0851119624221294,0.506008987969636
1.49563349823991,0.0848791153685417,0.506048262054573
1.49666740738709,0.0845826862350928,0.506081368242584
1.49775488824928,0.0842143668492691,0.506110373765948
1.49888000418729,0.0837725361734514,0.506136392853591
1.50004560222836,0.08324745962532,0.506155742298554
1.50124743239825,0.082639543621232,0.506175567921716
1.50248469399127,0.0819507543419768,0.506191146005413
1.50377670909621,0.0811657919778669,0.506203673676962
1.50514045405281,0.0802708241660314,0.506207883746335
1.50658042267986,0.0792724117125195,0.50620329660651
1.50807590974512,0.0776085269190407,0.506182413632862
1.50963678295949,0.0757938333044838,0.506142846683736
1.51128602225453,0.0738737661006148,0.506085990784557
1.513004336786,0.071845253642104,0.506010311539382
1.5147788754212,0.0696962049069025,0.505913993771994
1.51659381014776,0.0674149254779129,0.505796224721871
1.51844042723702,0.0649906301618458,0.505655402356214
1.52030958095315,0.0630746230645241,0.505492767192604
1.52303729600749,0.0622312077041449,0.505351502518549
1.52628655180401,0.0613477239735282,0.50517974328391
1.52954338149431,0.0604143534077919,0.504990810748591
1.53284397991452,0.0593409450365847,0.504784758101311
1.53600877148941,0.0580756440297134,0.504569566375993
1.53906683452775,0.0567991395589619,0.504269828825429
1.54224088141787,0.0554746042427937,0.503739734799513
1.54553175335571,0.0540872593527908,0.502915632959583
1.54867954042897,0.0526828430255348,0.501887455110531
1.55119786812899,0.0512880182211635,0.500718479312342
1.5533869735417,0.0499343443174216,0.499567014784769
1.55505692059931,0.0485500027906494,0.498391021292742
1.55617970607323,0.0472184706407804,0.497224357782235
1.55683793461395,0.0459658739310316,0.496166388680119
1.55717109514565,0.04480781355556,0.495261518983394
1.55724626846842,0.04377558935179,0.49529105856664
1.55749020000365,0.0428545929011015,0.495247067660134
1.55813741018925,0.0420548483304533,0.495222817323542
1.559297779428,0.041380443627182,0.495314695990168
1.560548933501,0.0408309359989965,0.495479685527779
1.56177247328316,0.0403927411414313,0.495644696752744
1.5629012446412,0.0400646689790999,0.49579424908154
1.56398351555009,0.0398442488690734,0.495924813905171
1.56503573988056,0.0397289677204118,0.496036780236478
1.56599885594692,0.0394633030213138,0.496156089129864
1.56693136626986,0.0391924297601485,0.496269284770685
1.56784824319965,0.0389880714389597,0.496368918188725
1.56877224340029,0.0388547230264624,0.496456375899557
1.5697155369056,0.0387904546478777,0.496530099348567
1.57066288123831,0.0387948263680158,0.496591802686949
1.57162153230209,0.0388651528299836,0.4966426796427
1.57259484050273,0.0390007300091397,0.496675953184605
1.57356817346531,0.0392016744085052,0.496693351010618
1.57454521316186,0.0394695627538179,0.496699126455463
1.57553385694568,0.0398053006702091,0.496689760030286
1.57653512430436,0.0402077534287889,0.49666483042288
1.57757651239299,0.040678862286022,0.496624405894874
1.57870375559029,0.0412267885475289,0.496563432036107
1.57989025379401,0.0418608117638764,0.496486002643012
1.58118466495311,0.0425911892238559,0.496375140198448
1.58253546657359,0.0434072977330654,0.496245606804956
1.58393967538064,0.0443099766132721,0.496097926879815
1.5854340114813,0.0453021396932845,0.495921127366782
1.58698304600386,0.0463891463849964,0.495729023180529
1.58861047941212,0.0475627779145686,0.495596849446957
1.59001844066599,0.0487575396305053,0.495974670317862
1.59117934014595,0.0499820718703337,0.496511771123478
1.59233561146057,0.0511904295652563,0.497079024388761
1.59350568248295,0.0524218028598356,0.497575996326282
1.5945679397269,0.0536998324711436,0.497935188749755
1.59571697672186,0.0545897173072061,0.498346653413948
1.59670664393524,0.0547365497065753,0.498886513174403
1.59751414527259,0.0549165848267454,0.499411448219328
1.59833028789437,0.0551303149861264,0.499797693534558
1.59902941577867,0.055306299654386,0.500029488551375
1.5997373015745,0.0554541278837046,0.500101185791093
1.60052978584158,0.0549828072527178,0.500107018209292
1.60177431530993,0.0545059842579023,0.500231631090747
1.60333617206928,0.05413783890035,0.500464071594279
1.6047985733827,0.0538101228745644,0.500619729208075
1.60614315837764,0.0535367348505436,0.500713728947974
1.60737130847888,0.0536608381085179,0.50072154028212
1.60850350296703,0.0539856587298086,0.500660024142507
1.60954903585921,0.0543579316734624,0.500545481174202
1.61051701259366,0.0547831098173546,0.500445254190806
1.61141377406954,0.0552631736183434,0.50035735133597
1.61218417485192,0.0558017956388253,0.500276075435167
1.61282825055252,0.0559626649389553,0.500224043398523
1.6134099445274,0.0555303217978459,0.500196535981853
1.61390734796832,0.0550040986647608,0.500161100770383
1.61433760249326,0.0543945942607483,0.500102955537986
1.61471449351729,0.0536442039178506,0.500029685393083
1.6150396091428,0.0526861379233793,0.499952807063678
1.61530304901716,0.0515644601897355,0.499858493097712
1.61552387542599,0.0502771499692124,0.499742423795306
1.61571201978118,0.0488180499506369,0.499601369688878
1.61587754951227,0.0471834617810674,0.49943278637105
1.61604086500499,0.045366876152996,0.499248310329173
1.61621162854006,0.0433468350397843,0.499039797656468
1.61637830327071,0.0411295624497666,0.49880411780168
1.61654608019936,0.0390276004432151,0.498544895770788
1.61669787998673,0.0371542508763025,0.498287156481139
1.61689296279757,0.0351714084565529,0.498338125829294
1.61712959902479,0.0330863220279478,0.498376225422883
1.61742267581047,0.0308989741199818,0.498392429762561
1.61778448347389,0.0286129223886926,0.498386539786912
1.61822017733207,0.0262317750125337,0.498359452888112
1.61873606778209,0.0237555232099175,0.498310112794686
1.61933307698521,0.0211834141434776,0.498238606023897
1.62001770640161,0.0185133431159911,0.498151255588699
1.62079157698423,0.0157431202134758,0.498038801052075
1.62165760497823,0.0128699552786293,0.497894405895381
1.62261867812977,0.00989019465762746,0.497714152609237
1.62368099059817,0.00679895052110295,0.497494417679324
1.62484454026325,0.003588333729431,0.497230196808513
1.62610962743077,0.000255449901118668,0.496967694420601
1.62737952872141,-0.00316407661378336,0.496843618272355
1.6284881913775,-0.0067198044841279,0.496627880645375
1.62956824699944,-0.0102815708756678,0.49647790130368
1.63025363665766,-0.0129529907227915,0.497992103324768
1.63105776075271,-0.0155842492638119,0.499511684153707
1.63187185771683,-0.0180188329529229,0.500661610795089
1.63429249715276,-0.0201626236908693,0.501884805029371
1.63674779861156,-0.0222794907378985,0.503057807644261
1.63910215506259,-0.0243565204985007,0.504071154543093
1.64135950042901,-0.0264215913906571,0.504941768620314
1.64329955581788,-0.0287209043009899,0.505762228320362
1.64510522239909,-0.0314743586110465,0.506421808292143
1.64680249055816,-0.0345043924087167,0.506927990656397
1.64842089896529,-0.0378276564856862,0.507298889103205
1.64997205912703,-0.0413112216506501,0.507576644230108
1.65146173230021,-0.044220906686253,0.507942688440308
1.65288878778604,-0.0464591987868105,0.508379347394526
1.65426914010481,-0.04852713467531,0.508678241088115
1.65561011893917,-0.0504271453900776,0.508840105467949
1.65690473632863,-0.0521607600326491,0.508978898027474
1.6581553057684,-0.053972504689789,0.509204182256023
1.6593816283591,-0.055704241965655,0.509411050974724
1.66058884491986,-0.057348375029918,0.509597400588984
1.66175954366145,-0.0589074739907283,0.509767794394705
1.66274802955752,-0.0603871912388856,0.509928963919415
1.66354991603277,-0.0617923732017306,0.51008452159428
1.66419343963305,-0.063127508809537,0.510236714719649
1.66481047573053,-0.0643934079622487,0.510380869172443
1.66543681290849,-0.065591703809607,0.510515620511905
1.66607502203942,-0.0667238506554732,0.510641411927702
1.66673142774982,-0.067794003958687,0.510759718624785
1.6674081579259,-0.0688062018964722,0.510871255451408
1.66811009258311,-0.0697628917066593,0.510976660692261
1.66884731295317,-0.0706570289223979,0.511123897839442
1.66961696497712,-0.0714664709402633,0.51127761124195
1.67042082615579,-0.0721874223095164,0.511430807815106
1.67125413710847,-0.0728160293870981,0.511581956934047
1.67221081751567,-0.0733398021471715,0.511737525415108
1.67322772504102,-0.0737633991007482,0.511898366631251
1.67429694733371,-0.0740885229442055,0.512062750095614
1.67541239294381,-0.0743136517237527,0.512229446441135
1.67655327695897,-0.0744344352558713,0.512400106404232
1.67772450214071,-0.0744545308590197,0.512578154944531
1.67892858788233,-0.07437663329268,0.512763842817346
1.68018145463824,-0.0742026904315386,0.512957542649712
1.68148623891089,-0.0739267177486956,0.513156912561214
1.68297819966413,-0.0730703358068987,0.513361149406634
1.68460673366879,-0.0719099174632551,0.513514171728001
1.68629110644363,-0.070506418046987,0.513588140244481
1.68805103901029,-0.0689408896479901,0.513707435308461
1.68984777833224,-0.0673642977784494,0.513841103688389
1.69165461430691,-0.0657404014756579,0.513970076135126
1.6934602632689,-0.0640886820561143,0.514091555450444
1.69592262253516,-0.0626615785921498,0.514153177563146
1.69899297350821,-0.0613600439629671,0.51423844606837
1.70198636754004,-0.0601508600334864,0.514300150664421
1.7047629286537,-0.0590187346328596,0.514256574202274
1.70743911444682,-0.0579615836554645,0.514066730600927
1.71003357382257,-0.0569443505698018,0.513707528161272
1.71254389404165,-0.0559765446065189,0.513145340435583
1.71478249821465,-0.0550609164234862,0.512341130177256
1.71629666815855,-0.0540205966994782,0.511287434991304
1.71725129046585,-0.0525659256348002,0.509986175339164
1.7179700087737,-0.0509828472700998,0.508394492734662
1.71807578947944,-0.0493660808251823,0.506559786901777
1.71776603237664,-0.0477386078477116,0.504483849345207
1.71705321467673,-0.0461199043986486,0.502163422771953
1.71613866389621,-0.0446065383216025,0.499739521171777
1.71515690724059,-0.0432337335576233,0.497207258183282
1.71358310689101,-0.0419675430432828,0.494510198753911
1.71219142229463,-0.0408315401862892,0.492831218247832
1.71150091204327,-0.0404567906948445,0.491913472178569
1.71193219231318,-0.0409940140487771,0.491316959695308
1.71341185664171,-0.0422100223449889,0.490930169703043
1.71528073399906,-0.0417737473523343,0.490968333575987
1.71714497180532,-0.0411913733857537,0.49109359054798
1.71896442402458,-0.0407277366212435,0.491231016535553
1.72085932206571,-0.0404325476673296,0.491428159106454
1.72276526305741,-0.0403064592334071,0.491573812010912
1.72468582948675,-0.0403487900240506,0.491667940635204
1.72664386141514,-0.0405575087204355,0.491706860138284
1.72863022832481,-0.0409304145976209,0.491701628377767
1.73064913698626,-0.0414662898964566,0.491648066056732
1.7326306089409,-0.042166554724881,0.491544249924054
1.73465201935205,-0.0430312121576102,0.49139725931044
1.73671491306309,-0.0440615639984997,0.491201744878255
1.73798597803857,-0.0452509701280178,0.490881475594853
1.73921538004627,-0.0466152508210419,0.490545901093901
1.74054143867523,-0.0481576121669212,0.490214483281736
1.74203456930751,-0.0498806479792629,0.489880402613326
1.74366868534363,-0.0517861600354368,0.489527609114593
1.74533256454132,-0.0537848275422158,0.489201543130108
1.74686865521338,-0.0558455215088621,0.488935139939227
1.74829201051748,-0.0580137337858377,0.488680554232905
1.74968334390386,-0.0602523241831616,0.488472470272632
1.74933090924791,-0.0624050796290038,0.490686716329752
1.74862318451442,-0.0644219681639822,0.492766380920777
1.74742073207744,-0.0660931547786251,0.495039885148011
1.74599838525262,-0.067837809669014,0.497116259563436
1.74626907431023,-0.0698272782922381,0.499261375366954
1.74722927558313,-0.0719477304011149,0.501046279244769
1.74838485140222,-0.0741929841291144,0.502425702631737
1.74971692217664,-0.0767926806801045,0.503369375374032
1.75274350718795,-0.0792181976421733,0.505249721152534
1.75547687495578,-0.0808891065641256,0.507055780506632
1.75807366107861,-0.0825846260878574,0.508333205463673
1.76055400655702,-0.0843115092685386,0.509165184482653
1.76313315363554,-0.0861355531678741,0.509906955204451
1.76551952125471,-0.0881555022645545,0.510440567919447
1.76780504005791,-0.0902199141851065,0.510826481197454
1.77000365903719,-0.0923228308182213,0.511095228999556
1.77209731439933,-0.0944560756112231,0.511273852568325
1.77409741310463,-0.0966092384009237,0.511375866651994
1.77602218557384,-0.0987757745559101,0.511431371076819
1.77787826953555,-0.100946066393405,0.511443062630478
1.77966942953714,-0.103114925816643,0.511434885640948
1.78139549931189,-0.105257346105044,0.511426816650534
1.78306062539765,-0.107356377869146,0.511401093730936
1.78456325158204,-0.109410321194666,0.511365453385767
1.7858334586245,-0.111419333953147,0.511330201850194
1.78697035996557,-0.113382990632405,0.511295060672864
1.78806137018791,-0.115303342208286,0.511256843517892
1.78911465919005,-0.11718370938207,0.51121631772751
1.79011066327666,-0.119027512880374,0.511175053820133
1.79104622870905,-0.120840543541284,0.511132524935924
1.7919583112595,-0.122617235243456,0.511092321526161
1.79285584293824,-0.124365217301657,0.511053625885161
1.79375524611212,-0.126089843664186,0.511016247488898
1.79463939354838,-0.127793582010528,0.510980440331641
1.79552602154531,-0.12947933845768,0.510946933952141
1.79641852703256,-0.130500091178403,0.511003245046662
1.79731426390799,-0.131536740166789,0.511049637257701
1.79822727260699,-0.132633201553896,0.511061829888574
1.79917214361945,-0.13378925761111,0.511038589062964
1.80013433111062,-0.135005096703121,0.510979895402448
1.80112663955271,-0.136071757349755,0.510952571608332
1.80215834383735,-0.136894339094004,0.510993054237002
1.80322013514874,-0.137696325363408,0.511020030139809
1.80432546499672,-0.138514382779246,0.51106746951257
1.80554158214835,-0.139332731832827,0.511123210559868
1.8068171906627,-0.140150315067024,0.511185948467064
1.80815184723891,-0.14096654482157,0.51125508944252
1.80951605419565,-0.141774638825147,0.511328441955218
1.81094410187037,-0.142567277117232,0.511409459035151
1.81242065990937,-0.14333667276839,0.511499898695167
1.81394635026361,-0.14407896670276,0.511601135406329
1.81552921327549,-0.144793033828059,0.511713100291698
1.81719386085085,-0.145480524496382,0.51183523538243
1.81895649995552,-0.146145600534921,0.511963418733071
1.82080650522466,-0.146661429006713,0.512114048755886
1.82272603825728,-0.147042333540351,0.512272472403738
1.82469561223046,-0.147410025310704,0.512422175822309
1.82670130049985,-0.147772658586435,0.512565816310863
1.82970557809128,-0.148612884758854,0.512592258429615
1.83284169068879,-0.149845672956474,0.512495032174315
1.83592333717583,-0.15116979057792,0.512366260960711
1.83897948133253,-0.152142161558018,0.512332688241176
1.84192726522039,-0.153075890602003,0.512164941743117
1.84485196101264,-0.153986425783417,0.511870253326747
